/*--------------------------------*- C++ -*----------------------------------*\
| =========                 |                                                 |
| \\      /  F ield         | OpenFOAM: The Open Source CFD Toolbox           |
|  \\    /   O peration     | Version:  v1812                                 |
|   \\  /    A nd           | Web:      www.OpenFOAM.com                      |
|    \\/     M anipulation  |                                                 |
\*---------------------------------------------------------------------------*/
FoamFile
{
    version     2.0;
    format      ascii;
    class       volScalarField;
    location    "1000";
    object      profileRefFieldInversion;
}
// * * * * * * * * * * * * * * * * * * * * * * * * * * * * * * * * * * * * * //

dimensions      [0 0 0 0 0 0 0];


internalField   nonuniform List<scalar> 
10947
(
1e+16
1e+16
1e+16
1e+16
1e+16
1e+16
1e+16
1e+16
1e+16
1e+16
1e+16
1e+16
1e+16
1e+16
1e+16
1e+16
1e+16
1e+16
1e+16
1e+16
1e+16
1e+16
1e+16
1e+16
1e+16
1e+16
1e+16
1e+16
1e+16
1e+16
1e+16
1e+16
1e+16
1e+16
1e+16
1e+16
1e+16
1e+16
1e+16
1e+16
1e+16
1e+16
1e+16
1e+16
1e+16
1e+16
1e+16
1e+16
1e+16
1e+16
1e+16
1e+16
1e+16
1e+16
1e+16
1e+16
1e+16
1e+16
1e+16
1e+16
1e+16
1e+16
1e+16
1e+16
1e+16
1e+16
1e+16
1e+16
1e+16
1e+16
1e+16
1e+16
1e+16
1e+16
1e+16
1e+16
1e+16
1e+16
1e+16
1e+16
1e+16
1e+16
1e+16
1e+16
1e+16
1e+16
1e+16
1e+16
1e+16
1e+16
1e+16
1e+16
1e+16
1e+16
1e+16
1e+16
1e+16
1e+16
1e+16
1e+16
1e+16
1e+16
1e+16
1e+16
1e+16
1e+16
1e+16
1e+16
1e+16
1e+16
1e+16
1e+16
1e+16
1e+16
1e+16
1e+16
1e+16
1e+16
1e+16
1e+16
1e+16
1e+16
1e+16
1e+16
1e+16
1e+16
1e+16
1e+16
1e+16
1e+16
1e+16
1e+16
1e+16
1e+16
1e+16
1e+16
1e+16
1e+16
1e+16
1e+16
1e+16
1e+16
1e+16
1e+16
1e+16
1e+16
1e+16
1e+16
1e+16
1e+16
1e+16
1e+16
1e+16
1e+16
1e+16
1e+16
1e+16
1e+16
1e+16
1e+16
1e+16
1e+16
1e+16
1e+16
1e+16
1e+16
1e+16
1e+16
1e+16
1e+16
1e+16
1e+16
1e+16
1e+16
1e+16
1e+16
1e+16
1e+16
1e+16
1e+16
1e+16
1e+16
1e+16
1e+16
1e+16
1e+16
1e+16
1e+16
1e+16
1e+16
1e+16
1e+16
1e+16
1e+16
1e+16
1e+16
1e+16
1e+16
1e+16
1e+16
1e+16
1e+16
1e+16
1e+16
1e+16
1e+16
1e+16
1e+16
1e+16
1e+16
1e+16
1e+16
1e+16
1e+16
1e+16
1e+16
1e+16
1e+16
1e+16
1e+16
1e+16
1e+16
1e+16
1e+16
1e+16
1e+16
1e+16
1e+16
1e+16
1e+16
1e+16
1e+16
1e+16
1e+16
1e+16
1e+16
1e+16
1e+16
1e+16
1e+16
1e+16
1e+16
1e+16
1e+16
1e+16
1e+16
1e+16
1e+16
1e+16
1e+16
1e+16
1e+16
1e+16
1e+16
1e+16
1e+16
1e+16
1e+16
1e+16
1e+16
1e+16
1e+16
1e+16
1e+16
1e+16
1e+16
1e+16
1e+16
1e+16
1e+16
1e+16
1e+16
1e+16
1e+16
1e+16
1e+16
1e+16
1e+16
1e+16
1e+16
1e+16
1e+16
1e+16
1e+16
1e+16
1e+16
1e+16
1e+16
1e+16
1e+16
1e+16
1e+16
1e+16
1e+16
1e+16
1e+16
1e+16
1e+16
1e+16
1e+16
1e+16
1e+16
1e+16
1e+16
1e+16
1e+16
1e+16
1e+16
1e+16
1e+16
1e+16
1e+16
1e+16
1e+16
1e+16
1e+16
1e+16
1e+16
1e+16
1e+16
1e+16
1e+16
1e+16
1e+16
1e+16
1e+16
1e+16
1e+16
1e+16
1e+16
1e+16
1e+16
1e+16
1e+16
1e+16
1e+16
1e+16
1e+16
1e+16
1e+16
1e+16
1e+16
1e+16
1e+16
1e+16
1e+16
1e+16
1e+16
1e+16
1e+16
1e+16
1e+16
1e+16
1e+16
1e+16
1e+16
1e+16
1e+16
1e+16
1e+16
1e+16
1e+16
1e+16
1e+16
1e+16
1e+16
1e+16
1e+16
1e+16
1e+16
1e+16
1e+16
1e+16
1e+16
1e+16
1e+16
1e+16
1e+16
1e+16
1e+16
1e+16
1e+16
1e+16
1e+16
1e+16
1e+16
1e+16
1e+16
1e+16
1e+16
1e+16
1e+16
1e+16
1e+16
1e+16
1e+16
1e+16
1e+16
1e+16
1e+16
1e+16
1e+16
1e+16
1e+16
1e+16
1e+16
1e+16
1e+16
1e+16
1e+16
1e+16
1e+16
1e+16
1e+16
1e+16
1e+16
1e+16
1e+16
1e+16
1e+16
1e+16
1e+16
1e+16
1e+16
1e+16
1e+16
1e+16
1e+16
1e+16
1e+16
1e+16
1e+16
1e+16
1e+16
1e+16
1e+16
1e+16
1e+16
1e+16
1e+16
1e+16
1e+16
1e+16
1e+16
1e+16
1e+16
1e+16
1e+16
1e+16
1e+16
1e+16
1e+16
1e+16
1e+16
1e+16
1e+16
1e+16
1e+16
1e+16
1e+16
1e+16
1e+16
1e+16
1e+16
1e+16
1e+16
1e+16
1e+16
1e+16
1e+16
1e+16
1e+16
1e+16
1e+16
1e+16
1e+16
1e+16
1e+16
1e+16
1e+16
1e+16
1e+16
1e+16
1e+16
1e+16
1e+16
1e+16
1e+16
1e+16
1e+16
1e+16
1e+16
1e+16
1e+16
1e+16
1e+16
1e+16
1e+16
1e+16
1e+16
1e+16
1e+16
1e+16
1e+16
1e+16
1e+16
1e+16
1e+16
1e+16
1e+16
1e+16
1e+16
1e+16
1e+16
1e+16
1e+16
1e+16
1e+16
1e+16
1e+16
1e+16
1e+16
1e+16
1e+16
1e+16
1e+16
1e+16
1e+16
1e+16
1e+16
1e+16
1e+16
1e+16
1e+16
1e+16
1e+16
1e+16
1e+16
1e+16
1e+16
1e+16
1e+16
1e+16
1e+16
1e+16
1e+16
1e+16
1e+16
1e+16
1e+16
1e+16
1e+16
1e+16
1e+16
1e+16
1e+16
1e+16
1e+16
1e+16
1e+16
1e+16
1e+16
1e+16
1e+16
1e+16
1e+16
1e+16
1e+16
1e+16
1e+16
1e+16
1e+16
1e+16
1e+16
1e+16
1e+16
1e+16
1e+16
1e+16
1e+16
1e+16
1e+16
1e+16
1e+16
1e+16
1e+16
1e+16
1e+16
1e+16
1e+16
1e+16
1e+16
1e+16
1e+16
1e+16
1e+16
1e+16
1e+16
1e+16
1e+16
1e+16
1e+16
1e+16
1e+16
1e+16
1e+16
1e+16
1e+16
1e+16
1e+16
1e+16
1e+16
1e+16
1e+16
1e+16
1e+16
1e+16
1e+16
1e+16
1e+16
1e+16
1e+16
1e+16
1e+16
1e+16
1e+16
1e+16
1e+16
1e+16
1e+16
1e+16
1e+16
1e+16
1e+16
1e+16
1e+16
1e+16
1e+16
1e+16
1e+16
1e+16
1e+16
1e+16
1e+16
1e+16
1e+16
1e+16
1e+16
1e+16
1e+16
1e+16
1e+16
1e+16
1e+16
1e+16
1e+16
1e+16
1e+16
1e+16
1e+16
1e+16
1e+16
1e+16
1e+16
1e+16
1e+16
1e+16
1e+16
1e+16
1e+16
1e+16
1e+16
1e+16
1e+16
1e+16
1e+16
1e+16
1e+16
1e+16
1e+16
1e+16
1e+16
1e+16
1e+16
1e+16
1e+16
1e+16
1e+16
1e+16
1e+16
1e+16
1e+16
1e+16
1e+16
1e+16
1e+16
1e+16
1e+16
1e+16
1e+16
1e+16
1e+16
1e+16
1e+16
1e+16
1e+16
1e+16
1e+16
1e+16
1e+16
1e+16
1e+16
1e+16
1e+16
1e+16
1e+16
1e+16
1e+16
1e+16
1e+16
1e+16
1e+16
1e+16
1e+16
1e+16
1e+16
1e+16
1e+16
1e+16
1e+16
1e+16
1e+16
1e+16
1e+16
1e+16
1e+16
1e+16
1e+16
1e+16
1e+16
1e+16
1e+16
1e+16
1e+16
1e+16
1e+16
1e+16
1e+16
1e+16
1e+16
1e+16
1e+16
1e+16
1e+16
1e+16
1e+16
1e+16
1e+16
1e+16
1e+16
1e+16
1e+16
1e+16
1e+16
1e+16
1e+16
1e+16
1e+16
1e+16
1e+16
1e+16
1e+16
1e+16
1e+16
1e+16
1e+16
1e+16
1e+16
1e+16
1e+16
1e+16
1e+16
1e+16
1e+16
1e+16
1e+16
1e+16
1e+16
1e+16
1e+16
1e+16
1e+16
1e+16
1e+16
1e+16
1e+16
1e+16
1e+16
1e+16
1e+16
1e+16
1e+16
1e+16
1e+16
1e+16
1e+16
1e+16
1e+16
1e+16
1e+16
1e+16
1e+16
1e+16
1e+16
1e+16
1e+16
1e+16
1e+16
1e+16
1e+16
1e+16
1e+16
1e+16
1e+16
1e+16
1e+16
1e+16
1e+16
1e+16
1e+16
1e+16
1e+16
1e+16
1e+16
1e+16
1e+16
1e+16
1e+16
1e+16
1e+16
1e+16
1e+16
1e+16
1e+16
1e+16
1e+16
1e+16
1e+16
1e+16
1e+16
1e+16
1e+16
1e+16
1e+16
1e+16
1e+16
1e+16
1e+16
1e+16
1e+16
1e+16
1e+16
1e+16
1e+16
1e+16
1e+16
1e+16
1e+16
1e+16
1e+16
1e+16
1e+16
1e+16
1e+16
1e+16
1e+16
1e+16
1e+16
1e+16
1e+16
1e+16
1e+16
1e+16
1e+16
1e+16
1e+16
1e+16
1e+16
1e+16
1e+16
1e+16
1e+16
1e+16
1e+16
1e+16
1e+16
1e+16
1e+16
1e+16
1e+16
1e+16
1e+16
1e+16
1e+16
1e+16
1e+16
1e+16
1e+16
1e+16
1e+16
1e+16
1e+16
1e+16
1e+16
1e+16
1e+16
1e+16
1e+16
1e+16
1e+16
1e+16
1e+16
1e+16
1e+16
1e+16
1e+16
1e+16
1e+16
1e+16
1e+16
1e+16
1e+16
1e+16
1e+16
1e+16
1e+16
1e+16
1e+16
1e+16
1e+16
1e+16
1e+16
1e+16
1e+16
1e+16
1e+16
1e+16
1e+16
1e+16
1e+16
1e+16
1e+16
1e+16
1e+16
1e+16
1e+16
1e+16
1e+16
1e+16
1e+16
1e+16
1e+16
1e+16
1e+16
1e+16
1e+16
1e+16
1e+16
1e+16
1e+16
1e+16
1e+16
1e+16
1e+16
1e+16
1e+16
1e+16
1e+16
1e+16
1e+16
1e+16
1e+16
1e+16
1e+16
1e+16
1e+16
1e+16
1e+16
1e+16
1e+16
1e+16
1e+16
1e+16
1e+16
1e+16
1e+16
1e+16
1e+16
1e+16
1e+16
1e+16
1e+16
1e+16
1e+16
1e+16
1e+16
1e+16
1e+16
1e+16
1e+16
1e+16
1e+16
1e+16
1e+16
1e+16
1e+16
1e+16
1e+16
1e+16
1e+16
1e+16
1e+16
1e+16
1e+16
1e+16
1e+16
1e+16
1e+16
1e+16
1e+16
1e+16
1e+16
1e+16
1e+16
1e+16
1e+16
1e+16
1e+16
1e+16
1e+16
1e+16
1e+16
1e+16
1e+16
1e+16
1e+16
1e+16
1e+16
1e+16
1e+16
1e+16
1e+16
1e+16
1e+16
1e+16
1e+16
1e+16
1e+16
1e+16
1e+16
1e+16
1e+16
1e+16
1e+16
1e+16
1e+16
1e+16
1e+16
1e+16
1e+16
1e+16
1e+16
1e+16
1e+16
1e+16
1e+16
1e+16
1e+16
1e+16
1e+16
1e+16
1e+16
1e+16
1e+16
1e+16
1e+16
1e+16
1e+16
1e+16
1e+16
1e+16
1e+16
1e+16
1e+16
1e+16
1e+16
1e+16
1e+16
1e+16
1e+16
1e+16
1e+16
1e+16
1e+16
1e+16
1e+16
1e+16
1e+16
1e+16
1e+16
1e+16
1e+16
1e+16
1e+16
1e+16
1e+16
1e+16
1e+16
1e+16
1e+16
1e+16
1e+16
1e+16
1e+16
1e+16
1e+16
1e+16
1e+16
1e+16
1e+16
1e+16
1e+16
1e+16
1e+16
1e+16
1e+16
1e+16
1e+16
1e+16
1e+16
1e+16
1e+16
1e+16
1e+16
1e+16
1e+16
1e+16
1e+16
1e+16
1e+16
1e+16
1e+16
1e+16
1e+16
1e+16
1e+16
1e+16
1e+16
1e+16
1e+16
1e+16
1e+16
1e+16
1e+16
1e+16
1e+16
1e+16
1e+16
1e+16
1e+16
1e+16
1e+16
1e+16
1e+16
1e+16
1e+16
1e+16
1e+16
1e+16
1e+16
1e+16
1e+16
1e+16
1e+16
1e+16
1e+16
1e+16
1e+16
1e+16
1e+16
1e+16
1e+16
1e+16
1e+16
1e+16
1e+16
1e+16
1e+16
1e+16
1e+16
1e+16
1e+16
1e+16
1e+16
1e+16
1e+16
1e+16
1e+16
1e+16
1e+16
1e+16
1e+16
1e+16
1e+16
1e+16
1e+16
1e+16
1e+16
1e+16
1e+16
1e+16
1e+16
1e+16
1e+16
1e+16
1e+16
1e+16
1e+16
1e+16
1e+16
1e+16
1e+16
1e+16
1e+16
1e+16
1e+16
1e+16
1e+16
1e+16
1e+16
1e+16
1e+16
1e+16
1e+16
1e+16
1e+16
1e+16
1e+16
1e+16
1e+16
1e+16
1e+16
1e+16
1e+16
1e+16
1e+16
1e+16
1e+16
1e+16
1e+16
1e+16
1e+16
1e+16
1e+16
1e+16
1e+16
1e+16
1e+16
1e+16
1e+16
1e+16
1e+16
1e+16
1e+16
1e+16
1e+16
1e+16
1e+16
1e+16
1e+16
1e+16
1e+16
1e+16
1e+16
1e+16
1e+16
1e+16
1e+16
1e+16
1e+16
1e+16
1e+16
1e+16
1e+16
1e+16
1e+16
1e+16
1e+16
1e+16
1e+16
1e+16
1e+16
1e+16
1e+16
1e+16
1e+16
1e+16
1e+16
1e+16
1e+16
1e+16
1e+16
1e+16
1e+16
1e+16
1e+16
1e+16
1e+16
1e+16
1e+16
1e+16
1e+16
1e+16
1e+16
1e+16
1e+16
1e+16
1e+16
1e+16
1e+16
1e+16
1e+16
1e+16
1e+16
1e+16
1e+16
1e+16
1e+16
1e+16
1e+16
1e+16
1e+16
1e+16
1e+16
1e+16
1e+16
1e+16
1e+16
1e+16
1e+16
1e+16
1e+16
1e+16
1e+16
1e+16
1e+16
1e+16
1e+16
1e+16
1e+16
1e+16
1e+16
1e+16
1e+16
1e+16
1e+16
1e+16
1e+16
1e+16
1e+16
1e+16
1e+16
1e+16
1e+16
1e+16
1e+16
1e+16
1e+16
1e+16
1e+16
1e+16
1e+16
1e+16
1e+16
1e+16
1e+16
1e+16
1e+16
1e+16
1e+16
1e+16
1e+16
1e+16
1e+16
1e+16
1e+16
1e+16
1e+16
1e+16
1e+16
1e+16
1e+16
1e+16
1e+16
1e+16
1e+16
1e+16
1e+16
1e+16
1e+16
1e+16
1e+16
1e+16
1e+16
1e+16
1e+16
1e+16
1e+16
1e+16
1e+16
1e+16
1e+16
1e+16
1e+16
1e+16
1e+16
1e+16
1e+16
1e+16
1e+16
1e+16
1e+16
1e+16
1e+16
1e+16
1e+16
1e+16
1e+16
1e+16
1e+16
1e+16
1e+16
1e+16
1e+16
1e+16
1e+16
1e+16
1e+16
1e+16
1e+16
1e+16
1e+16
1e+16
1e+16
1e+16
1e+16
1e+16
1e+16
1e+16
1e+16
1e+16
1e+16
1e+16
1e+16
1e+16
1e+16
1e+16
1e+16
1e+16
1e+16
1e+16
1e+16
1e+16
1e+16
1e+16
1e+16
1e+16
1e+16
1e+16
1e+16
1e+16
1e+16
1e+16
1e+16
1e+16
1e+16
1e+16
1e+16
1e+16
1e+16
1e+16
1e+16
1e+16
1e+16
1e+16
1e+16
1e+16
1e+16
1e+16
1e+16
1e+16
1e+16
1e+16
1e+16
1e+16
1e+16
1e+16
1e+16
1e+16
1e+16
1e+16
1e+16
1e+16
1e+16
1e+16
1e+16
1e+16
1e+16
1e+16
1e+16
1e+16
1e+16
1e+16
1e+16
1e+16
1e+16
1e+16
1e+16
1e+16
1e+16
1e+16
1e+16
1e+16
1e+16
1e+16
1e+16
1e+16
1e+16
1e+16
1e+16
1e+16
1e+16
1e+16
1e+16
1e+16
1e+16
1e+16
1e+16
1e+16
1e+16
1e+16
1e+16
1e+16
1e+16
1e+16
1e+16
1e+16
1e+16
1e+16
1e+16
1e+16
1e+16
1e+16
1e+16
1e+16
1e+16
1e+16
1e+16
1e+16
1e+16
1e+16
1e+16
1e+16
1e+16
1e+16
1e+16
1e+16
1e+16
1e+16
1e+16
1e+16
1e+16
1e+16
1e+16
1e+16
1e+16
1e+16
1e+16
1e+16
1e+16
1e+16
1e+16
1e+16
1e+16
1e+16
1e+16
1e+16
1e+16
1e+16
1e+16
1e+16
1e+16
1e+16
1e+16
1e+16
1e+16
1e+16
1e+16
1e+16
1e+16
1e+16
1e+16
1e+16
1e+16
1e+16
1e+16
1e+16
1e+16
1e+16
1e+16
1e+16
1e+16
1e+16
1e+16
1e+16
1e+16
1e+16
1e+16
1e+16
1e+16
1e+16
1e+16
1e+16
1e+16
1e+16
1e+16
1e+16
1e+16
1e+16
1e+16
1e+16
1e+16
1e+16
1e+16
1e+16
1e+16
1e+16
1e+16
1e+16
1e+16
1e+16
1e+16
1e+16
1e+16
1e+16
1e+16
1e+16
1e+16
1e+16
1e+16
1e+16
1e+16
1e+16
1e+16
1e+16
1e+16
1e+16
1e+16
1e+16
1e+16
1e+16
1e+16
1e+16
1e+16
1e+16
1e+16
1e+16
1e+16
1e+16
1e+16
1e+16
1e+16
1e+16
1e+16
1e+16
1e+16
1e+16
1e+16
1e+16
1e+16
1e+16
1e+16
1e+16
1e+16
1e+16
1e+16
1e+16
1e+16
1e+16
1e+16
1e+16
1e+16
1e+16
1e+16
1e+16
1e+16
1e+16
1e+16
1e+16
1e+16
1e+16
1e+16
1e+16
1e+16
1e+16
1e+16
1e+16
1e+16
1e+16
1e+16
1e+16
1e+16
1e+16
1e+16
1e+16
1e+16
1e+16
1e+16
1e+16
1e+16
1e+16
1e+16
1e+16
1e+16
1e+16
1e+16
1e+16
1e+16
1e+16
1e+16
1e+16
1e+16
1e+16
1e+16
1e+16
1e+16
1e+16
1e+16
1e+16
1e+16
1e+16
1e+16
1e+16
1e+16
1e+16
1e+16
1e+16
1e+16
1e+16
1e+16
1e+16
1e+16
1e+16
1e+16
1e+16
1e+16
1e+16
1e+16
1e+16
1e+16
1e+16
1e+16
1e+16
1e+16
1e+16
1e+16
1e+16
1e+16
1e+16
1e+16
1e+16
1e+16
1e+16
1e+16
1e+16
1e+16
1e+16
1e+16
1e+16
1e+16
1e+16
1e+16
1e+16
1e+16
1e+16
1e+16
1e+16
1e+16
1e+16
1e+16
1e+16
1e+16
1e+16
1e+16
1e+16
1e+16
1e+16
1e+16
1e+16
1e+16
1e+16
1e+16
1e+16
1e+16
1e+16
1e+16
1e+16
1e+16
1e+16
1e+16
1e+16
1e+16
1e+16
1e+16
1e+16
1e+16
1e+16
1e+16
1e+16
1e+16
1e+16
1e+16
1e+16
1e+16
1e+16
1e+16
1e+16
1e+16
1e+16
1e+16
1e+16
1e+16
1e+16
1e+16
1e+16
1e+16
1e+16
1e+16
1e+16
1e+16
1e+16
1e+16
1e+16
1e+16
1e+16
1e+16
1e+16
1e+16
1e+16
1e+16
1e+16
1e+16
1e+16
1e+16
1e+16
1e+16
1e+16
1e+16
1e+16
1e+16
1e+16
1e+16
1e+16
1e+16
1e+16
1e+16
1e+16
1e+16
1e+16
1e+16
1e+16
1e+16
1e+16
1e+16
1e+16
1e+16
1e+16
1e+16
1e+16
1e+16
1e+16
1e+16
1e+16
1e+16
1e+16
1e+16
1e+16
1e+16
1e+16
1e+16
1e+16
1e+16
1e+16
1e+16
1e+16
1e+16
1e+16
1e+16
1e+16
1e+16
1e+16
1e+16
1e+16
1e+16
1e+16
1e+16
1e+16
1e+16
1e+16
1e+16
1e+16
1e+16
1e+16
1e+16
1e+16
1e+16
1e+16
1e+16
1e+16
1e+16
1e+16
1e+16
1e+16
1e+16
1e+16
1e+16
1e+16
1e+16
1e+16
1e+16
1e+16
1e+16
1e+16
1e+16
1e+16
1e+16
1e+16
1e+16
1e+16
1e+16
1e+16
1e+16
1e+16
1e+16
1e+16
1e+16
1e+16
1e+16
1e+16
1e+16
1e+16
1e+16
1e+16
1e+16
1e+16
1e+16
1e+16
1e+16
1e+16
1e+16
1e+16
1e+16
1e+16
1e+16
1e+16
1e+16
1e+16
1e+16
1e+16
1e+16
1e+16
1e+16
1e+16
1e+16
1e+16
1e+16
1e+16
1e+16
1e+16
1e+16
1e+16
1e+16
1e+16
1e+16
1e+16
1e+16
1e+16
1e+16
1e+16
1e+16
1e+16
1e+16
1e+16
1e+16
1e+16
1e+16
1e+16
1e+16
1e+16
1e+16
1e+16
1e+16
1e+16
1e+16
1e+16
1e+16
1e+16
1e+16
1e+16
1e+16
1e+16
1e+16
1e+16
1e+16
1e+16
1e+16
1e+16
1e+16
1e+16
1e+16
1e+16
1e+16
1e+16
1e+16
1e+16
1e+16
1e+16
1e+16
1e+16
1e+16
1e+16
1e+16
1e+16
1e+16
1e+16
1e+16
1e+16
1e+16
1e+16
1e+16
1e+16
1e+16
1e+16
1e+16
1e+16
1e+16
1e+16
1e+16
1e+16
1e+16
1e+16
1e+16
1e+16
1e+16
1e+16
1e+16
1e+16
1e+16
1e+16
1e+16
1e+16
1e+16
1e+16
1e+16
1e+16
1e+16
1e+16
1e+16
1e+16
1e+16
1e+16
1e+16
1e+16
1e+16
1e+16
1e+16
1e+16
1e+16
1e+16
1e+16
1e+16
1e+16
1e+16
1e+16
1e+16
1e+16
1e+16
1e+16
1e+16
1e+16
1e+16
1e+16
1e+16
1e+16
1e+16
1e+16
1e+16
1e+16
1e+16
1e+16
1e+16
1e+16
1e+16
1e+16
1e+16
1e+16
1e+16
1e+16
1e+16
1e+16
1e+16
1e+16
1e+16
1e+16
1e+16
1e+16
1e+16
1e+16
1e+16
1e+16
1e+16
1e+16
1e+16
1e+16
1e+16
1e+16
1e+16
1e+16
1e+16
1e+16
1e+16
1e+16
1e+16
1e+16
1e+16
1e+16
1e+16
1e+16
1e+16
1e+16
1e+16
1e+16
1e+16
1e+16
1e+16
1e+16
1e+16
1e+16
1e+16
1e+16
1e+16
1e+16
1e+16
1e+16
1e+16
1e+16
1e+16
1e+16
1e+16
1e+16
1e+16
1e+16
1e+16
1e+16
1e+16
1e+16
1e+16
1e+16
1e+16
1e+16
1e+16
1e+16
1e+16
1e+16
1e+16
1e+16
1e+16
1e+16
1e+16
1e+16
1e+16
1e+16
1e+16
1e+16
1e+16
1e+16
1e+16
1e+16
1e+16
1e+16
1e+16
1e+16
1e+16
1e+16
1e+16
1e+16
1e+16
1e+16
1e+16
1e+16
1e+16
1e+16
1e+16
1e+16
1e+16
1e+16
1e+16
1e+16
1e+16
1e+16
1e+16
1e+16
1e+16
1e+16
1e+16
1e+16
1e+16
1e+16
1e+16
1e+16
1e+16
1e+16
1e+16
1e+16
1e+16
1e+16
1e+16
1e+16
1e+16
1e+16
1e+16
1e+16
1e+16
1e+16
1e+16
1e+16
1e+16
1e+16
1e+16
1e+16
1e+16
1e+16
1e+16
1e+16
1e+16
1e+16
1e+16
1e+16
1e+16
1e+16
1e+16
1e+16
1e+16
1e+16
1e+16
1e+16
1e+16
1e+16
1e+16
1e+16
1e+16
1e+16
1e+16
1e+16
1e+16
1e+16
1e+16
1e+16
1e+16
1e+16
1e+16
1e+16
1e+16
1e+16
1e+16
1e+16
1e+16
1e+16
1e+16
1e+16
1e+16
1e+16
1e+16
1e+16
1e+16
1e+16
1e+16
1e+16
1e+16
1e+16
1e+16
1e+16
1e+16
1e+16
1e+16
1e+16
1e+16
1e+16
1e+16
1e+16
1e+16
1e+16
1e+16
1e+16
1e+16
1e+16
1e+16
1e+16
1e+16
1e+16
1e+16
1e+16
1e+16
1e+16
1e+16
1e+16
1e+16
1e+16
1e+16
1e+16
1e+16
1e+16
1e+16
1e+16
1e+16
1e+16
1e+16
1e+16
1e+16
1e+16
1e+16
1e+16
1e+16
1e+16
1e+16
1e+16
1e+16
1e+16
1e+16
1e+16
1e+16
1e+16
1e+16
1e+16
1e+16
1e+16
1e+16
1e+16
1e+16
1e+16
1e+16
1e+16
1e+16
1e+16
1e+16
1e+16
1e+16
1e+16
1e+16
1e+16
1e+16
1e+16
1e+16
1e+16
1e+16
1e+16
1e+16
1e+16
1e+16
1e+16
1e+16
1e+16
1e+16
1e+16
1e+16
1e+16
1e+16
1e+16
1e+16
1e+16
1e+16
1e+16
1e+16
1e+16
1e+16
1e+16
1e+16
1e+16
1e+16
1e+16
1e+16
1e+16
1e+16
1e+16
1e+16
1e+16
1e+16
1e+16
1e+16
1e+16
1e+16
1e+16
1e+16
1e+16
1e+16
1e+16
1e+16
1e+16
1e+16
1e+16
1e+16
1e+16
1e+16
1e+16
1e+16
1e+16
1e+16
1e+16
1e+16
1e+16
1e+16
1e+16
1e+16
1e+16
1e+16
1e+16
1e+16
1e+16
1e+16
1e+16
1e+16
1e+16
1e+16
1e+16
1e+16
1e+16
1e+16
1e+16
1e+16
1e+16
1e+16
1e+16
1e+16
1e+16
1e+16
1e+16
1e+16
1e+16
1e+16
1e+16
1e+16
1e+16
1e+16
1e+16
1e+16
1e+16
1e+16
1e+16
1e+16
1e+16
1e+16
1e+16
1e+16
1e+16
1e+16
1e+16
1e+16
1e+16
1e+16
1e+16
1e+16
1e+16
1e+16
1e+16
1e+16
1e+16
1e+16
1e+16
1e+16
1e+16
1e+16
1e+16
1e+16
1e+16
1e+16
1e+16
1e+16
1e+16
1e+16
1e+16
1e+16
1e+16
1e+16
1e+16
1e+16
1e+16
1e+16
1e+16
1e+16
1e+16
1e+16
1e+16
1e+16
1e+16
1e+16
1e+16
1e+16
1e+16
1e+16
1e+16
1e+16
1e+16
1e+16
1e+16
1e+16
1e+16
1e+16
1e+16
1e+16
1e+16
1e+16
1e+16
1e+16
1e+16
1e+16
1e+16
1e+16
1e+16
1e+16
1e+16
1e+16
1e+16
1e+16
1e+16
1e+16
1e+16
1e+16
1e+16
1e+16
1e+16
1e+16
1e+16
1e+16
1e+16
1e+16
1e+16
1e+16
1e+16
1e+16
1e+16
1e+16
1e+16
1e+16
1e+16
1e+16
1e+16
1e+16
1e+16
1e+16
1e+16
1e+16
1e+16
1e+16
1e+16
1e+16
1e+16
1e+16
1e+16
1e+16
1e+16
1e+16
1e+16
1e+16
1e+16
1e+16
1e+16
1e+16
1e+16
1e+16
1e+16
1e+16
1e+16
1e+16
1e+16
1e+16
1e+16
1e+16
1e+16
1e+16
1e+16
1e+16
1e+16
1e+16
1e+16
1e+16
1e+16
1e+16
1e+16
1e+16
1e+16
1e+16
1e+16
1e+16
1e+16
1e+16
1e+16
1e+16
1e+16
1e+16
1e+16
1e+16
1e+16
1e+16
1e+16
1e+16
1e+16
1e+16
1e+16
1e+16
1e+16
1e+16
1e+16
1e+16
1e+16
1e+16
1e+16
1e+16
1e+16
1e+16
1e+16
1e+16
1e+16
1e+16
1e+16
1e+16
1e+16
1e+16
1e+16
1e+16
1e+16
1e+16
1e+16
1e+16
1e+16
1e+16
1e+16
1e+16
1e+16
1e+16
1e+16
1e+16
1e+16
1e+16
1e+16
1e+16
1e+16
1e+16
1e+16
1e+16
1e+16
1e+16
1e+16
1e+16
1e+16
1e+16
1e+16
1e+16
1e+16
1e+16
1e+16
1e+16
1e+16
1e+16
1e+16
1e+16
1e+16
1e+16
1e+16
1e+16
1e+16
1e+16
1e+16
1e+16
1e+16
1e+16
1e+16
1e+16
1e+16
1e+16
1e+16
0.00499319
0.0150112
0.0251274
0.0353869
0.045835
0.0565168
0.0674073
0.0785183
0.0898887
0.101371
0.112894
0.12449
0.136066
0.147512
0.158716
0.169579
0.180024
0.190001
0.199481
0.208456
0.216935
0.224886
0.232281
0.239191
0.245622
0.25159
0.257174
0.262367
0.267207
0.27175
0.276024
0.280063
0.283903
0.28758
0.291116
0.294543
0.297897
0.301199
0.304478
0.307759
0.311052
0.314365
0.317716
0.321115
0.324568
0.328082
0.331654
0.335284
0.338972
0.34282
0.346957
0.351305
0.355752
0.360284
0.364896
0.369606
0.374452
0.379436
0.384537
0.389739
0.395008
0.400359
0.405843
0.411437
0.417122
0.422949
0.428959
0.435205
0.441644
0.448179
0.454824
0.461544
0.46828
0.475007
0.481497
0.487495
0.492779
0.496838
0.499184
0.500017
0.50017
0.50022
0.500262
0.500296
0.500331
0.5003649999999999
0.500398
0.500428
0.5004459999999999
0.500463
0.50051
0.500692
0.50064
0.500337
0.500189
0.500124
0.500089
0.500068
0.500057
0.500051
0.500048
0.500048
0.500048
0.500049
0.50005
0.500051
0.5000520000000001
0.5000520000000001
0.0100637
0.0302548
0.0506437
0.0713212
0.0923789
0.113908
0.135857
0.158252
0.18117
0.204314
0.227543
0.250919
0.274257
0.297333
0.319924
0.34183
0.362897
0.383021
0.402146
0.420254
0.437363
0.45341
0.468333
0.482277
0.495245
0.507274
0.518518
0.528963
0.5386879999999999
0.547808
0.556379
0.564465
0.572137
0.579467
0.5865
0.593301
0.599939
0.6064580000000001
0.612911
0.61935
0.625796
0.632274
0.638811
0.645414
0.652085
0.658837
0.665678
0.672619
0.67966
0.686993
0.694901
0.7032620000000001
0.711847
0.720615
0.729569
0.73873
0.7481409999999999
0.757832
0.767791
0.778003
0.788427
0.7990969999999999
0.810032
0.821174
0.832541
0.844225
0.856274
0.868776
0.881671
0.8947349999999999
0.907952
0.921367
0.93488
0.948341
0.961414
0.973628
0.984465
0.992923
0.997978
0.999927
1.00038
1.00052
1.00062
1.0007
1.00078
1.00086
1.00094
1.001
1.00105
1.0011
1.0012
1.00156
1.00147
1.00086
1.00054
1.0004
1.0003
1.00024
1.0002
1.00017
1.00016
1.00015
1.00014
1.00013
1.00013
1.00013
1.00013
1.00013
0.0101717
0.0305792
0.0511865
0.07208539999999999
0.0933687
0.115128
0.137314
0.159951
0.183118
0.206516
0.230003
0.253641
0.277245
0.300589
0.323446
0.345617
0.366945
0.387324
0.406698
0.425049
0.442392
0.458664
0.473798
0.487939
0.5010869999999999
0.513275
0.524655
0.535212
0.545025
0.554213
0.562831
0.570943
0.57862
0.585935
0.5929410000000001
0.599702
0.606288
0.6127359999999999
0.619092
0.625403
0.631699
0.638007
0.6443489999999999
0.650726
0.657138
0.66359
0.670091
0.676648
0.683249
0.6901119999999999
0.697533
0.705391
0.713462
0.721683
0.730074
0.738658
0.7474420000000001
0.756487
0.765837
0.775533
0.785597
0.79603
0.806783
0.817824
0.829164
0.840811
0.852871
0.8653960000000001
0.878286
0.8913990000000001
0.904623
0.918003
0.931541
0.94506
0.9583199999999999
0.970933
0.9822650000000001
0.991363
0.997167
0.9997
1.00045
1.0007
1.00083
1.00092
1.00101
1.00111
1.00119
1.00127
1.00133
1.0014
1.00151
1.00186
1.00179
1.00117
1.00082
1.00066
1.00054
1.00045
1.00038
1.00033
1.00029
1.00026
1.00024
1.00022
1.00021
1.0002
1.0002
1.00019
0.0102177
0.0307175
0.051418
0.0724117
0.09379179999999999
0.115651
0.13794
0.160683
0.18396
0.207471
0.231074
0.254831
0.278556
0.302024
0.325006
0.347302
0.368756
0.389263
0.408765
0.427245
0.444716
0.461115
0.476372
0.490628
0.503885
0.516171
0.527641
0.538277
0.548162
0.557413
0.566084
0.5742429999999999
0.58196
0.589309
0.596343
0.603131
0.609747
0.6162300000000001
0.622622
0.628958
0.635262
0.641563
0.647886
0.654234
0.660613
0.667018
0.673438
0.6798729999999999
0.686325
0.693025
0.700232
0.707817
0.715572
0.7234159999999999
0.7313730000000001
0.739498
0.747801
0.756324
0.765136
0.77429
0.783844
0.793818
0.804177
0.8149110000000001
0.826025
0.837531
0.849522
0.862028
0.874858
0.887929
0.901239
0.9146840000000001
0.928236
0.941854
0.955324
0.968269
0.980028
0.989694
0.996227
0.999394
1.00049
1.00085
1.00102
1.00113
1.00122
1.00132
1.00141
1.00149
1.00155
1.00163
1.00175
1.00209
1.00202
1.0014
1.00104
1.00088
1.00074
1.00064
1.00056
1.0005
1.00044
1.0004
1.00037
1.00034
1.00031
1.0003
1.00028
1.00027
0.0102472
0.0308064
0.0515668
0.0726213
0.0940636
0.115987
0.13834
0.161149
0.184494
0.208073
0.231744
0.255569
0.27936
0.302891
0.325934
0.348287
0.369794
0.39035
0.409897
0.428417
0.445924
0.462354
0.477639
0.491921
0.505199
0.517505
0.528996
0.5396570000000001
0.54957
0.558854
0.567566
0.575772
0.583544
0.590948
0.598035
0.604871
0.611531
0.618054
0.624478
0.630839
0.637157
0.64346
0.649772
0.656103
0.662461
0.668839
0.67522
0.6816179999999999
0.688056
0.694722
0.701842
0.709298
0.716888
0.72456
0.732329
0.740249
0.748341
0.756623
0.765132
0.773899
0.78301
0.792531
0.802477
0.812855
0.823664
0.834902
0.846606
0.85886
0.871538
0.884509
0.897818
0.911343
0.924925
0.938639
0.9523200000000001
0.965568
0.977734
0.987896
0.995112
0.998966
1.00045
1.00097
1.00119
1.00132
1.00142
1.00152
1.00161
1.00168
1.00175
1.00184
1.00196
1.00228
1.00222
1.0016
1.00123
1.00107
1.00093
1.00082
1.00073
1.00066
1.0006
1.00055
1.0005
1.00046
1.00043
1.0004
1.00038
1.00037
0.010257
0.0308357
0.051616
0.0726909
0.0941543
0.116099
0.138476
0.16131
0.184681
0.208288
0.231988
0.255844
0.279669
0.303234
0.326312
0.348699
0.370238
0.390823
0.410395
0.428936
0.446461
0.462906
0.478205
0.492503
0.505802
0.518134
0.529656
0.540347
0.550289
0.5596
0.568339
0.576573
0.5843739999999999
0.591809
0.598918
0.605766
0.612429
0.6189480000000001
0.625364
0.631715
0.638022
0.644306
0.65059
0.656892
0.663225
0.669585
0.675961
0.682348
0.688756
0.695375
0.702447
0.709854
0.7173929999999999
0.725024
0.732742
0.740579
0.748571
0.756736
0.765088
0.773657
0.7825
0.7917110000000001
0.801353
0.81143
0.821913
0.832795
0.844168
0.856081
0.868491
0.881329
0.894567
0.908064
0.921669
0.935459
0.949281
0.962788
0.975347
0.985995
0.9938439999999999
0.998402
1.00036
1.00107
1.00135
1.0015
1.0016
1.0017
1.00179
1.00187
1.00194
1.00203
1.00214
1.00246
1.0024
1.00179
1.00141
1.00125
1.0011
1.001
1.0009
1.00083
1.00076
1.0007
1.00065
1.0006
1.00056
1.00052
1.00049
1.00047
0.0102459
0.0308026
0.0515608
0.0726136
0.09405520000000001
0.115979
0.138336
0.161152
0.184507
0.208102
0.231796
0.255649
0.279475
0.303047
0.326135
0.348537
0.370096
0.390703
0.4103
0.42887
0.446426
0.462904
0.478238
0.492572
0.5059090000000001
0.518281
0.529841
0.54057
0.550545
0.559885
0.568645
0.576894
0.584707
0.592151
0.5992690000000001
0.606122
0.6127860000000001
0.619306
0.625723
0.6320750000000001
0.638387
0.644687
0.651
0.6573369999999999
0.663701
0.670085
0.676471
0.682829
0.689149
0.695632
0.702569
0.709881
0.7173620000000001
0.724942
0.732603
0.740383
0.748322
0.756424
0.764718
0.77322
0.781962
0.791058
0.800525
0.810338
0.820509
0.8310689999999999
0.842097
0.8536550000000001
0.865765
0.8783879999999999
0.8915
0.904937
0.918573
0.932432
0.946338
0.960018
0.972902
0.984038
0.992483
0.997714
1.00018
1.0011
1.00147
1.00164
1.00175
1.00186
1.00195
1.00203
1.0021
1.00219
1.00231
1.00261
1.00256
1.00195
1.00157
1.00142
1.00127
1.00117
1.00107
1.00099
1.00092
1.00086
1.0008
1.00074
1.00069
1.00065
1.00061
1.00058
0.0102319
0.0307605
0.0514903
0.0725148
0.09392789999999999
0.115823
0.138152
0.160941
0.184269
0.207839
0.231509
0.255339
0.279143
0.302694
0.325762
0.348145
0.369684
0.390271
0.409847
0.428394
0.445926
0.462378
0.477686
0.491994
0.505306
0.517655
0.5291979999999999
0.539916
0.549887
0.559229
0.567999
0.576264
0.584099
0.591573
0.598731
0.605636
0.612359
0.618931
0.625387
0.631769
0.638111
0.64444
0.650783
0.657152
0.6635490000000001
0.669964
0.676381
0.682781
0.689138
0.695643
0.702584
0.709867
0.717294
0.724831
0.73246
0.740198
0.748079
0.756107
0.764298
0.772713
0.781402
0.790403
0.7997
0.809311
0.8192739999999999
0.829578
0.840273
0.85145
0.863217
0.875577
0.8885110000000001
0.901907
0.915611
0.92957
0.943569
0.957371
0.9704930000000001
0.9820410000000001
0.991061
0.996931
0.999889
1.00106
1.00153
1.00173
1.00186
1.00197
1.00207
1.00216
1.00223
1.00232
1.00244
1.00275
1.00271
1.00211
1.00173
1.00158
1.00144
1.00134
1.00125
1.00116
1.00109
1.00102
1.00095
1.00089
1.00083
1.00077
1.00072
1.00068
0.0102073
0.0306866
0.051367
0.0723418
0.0937048
0.115549
0.137828
0.160565
0.183843
0.207364
0.230987
0.254772
0.278534
0.302046
0.325078
0.347429
0.368937
0.389496
0.409044
0.427563
0.445065
0.461487
0.476763
0.491039
0.504319
0.516639
0.528156
0.538853
0.54881
0.558141
0.566904
0.575165
0.582999
0.590477
0.597645
0.604567
0.611308
0.617899
0.624382
0.6308009999999999
0.637174
0.643521
0.649872
0.656251
0.662666
0.669108
0.675561
0.68201
0.688453
0.695089
0.70217
0.709556
0.7170530000000001
0.724656
0.732333
0.740046
0.747837
0.755789
0.763939
0.772304
0.780905
0.789756
0.798856
0.808257
0.8180190000000001
0.828162
0.838664
0.849532
0.860945
0.87299
0.8856309999999999
0.898894
0.91272
0.926797
0.94082
0.954736
0.9680800000000001
0.979965
0.989533
0.996039
0.999507
1.00096
1.00153
1.00178
1.00192
1.00203
1.00214
1.00224
1.00232
1.00242
1.00254
1.00286
1.00284
1.00226
1.00188
1.00174
1.00161
1.00151
1.00143
1.00135
1.00127
1.00119
1.00112
1.00104
1.00097
1.0009
1.00084
1.00079
0.0101726
0.0305825
0.0511931
0.0720977
0.09339
0.115163
0.13737
0.160036
0.183243
0.206694
0.23025
0.253971
0.277672
0.301128
0.324109
0.346415
0.367885
0.388413
0.40794
0.426446
0.443945
0.460373
0.475662
0.489956
0.503256
0.515594
0.527124
0.537826
0.54778
0.557099
0.565839
0.57407
0.5818680000000001
0.589307
0.596437
0.6033230000000001
0.610033
0.616606
0.623088
0.629518
0.6359089999999999
0.642288
0.648682
0.655105
0.661556
0.668026
0.674503
0.680975
0.6874440000000001
0.694113
0.70123
0.708662
0.716211
0.7238520000000001
0.731557
0.739316
0.7471640000000001
0.755156
0.763311
0.771636
0.780152
0.788895
0.797915
0.807244
0.816872
0.826829
0.837116
0.847788
0.858943
0.870681
0.883041
0.896095
0.9098889999999999
0.92399
0.938035
0.952052
0.965587
0.977796
0.987888
0.995
0.998984
1.00076
1.00147
1.00177
1.00193
1.00206
1.00217
1.00228
1.00238
1.00249
1.00262
1.00296
1.00296
1.0024
1.00204
1.00191
1.00179
1.00171
1.00163
1.00155
1.00147
1.00139
1.0013
1.0012
1.00111
1.00103
1.00095
1.00089
0.0101363
0.0304734
0.0510109
0.07184210000000001
0.0930603
0.114758
0.13689
0.159481
0.182612
0.205989
0.229471
0.25312
0.27675
0.300137
0.323052
0.345295
0.366709
0.387185
0.406665
0.425131
0.442597
0.458998
0.474268
0.488546
0.501833
0.514159
0.525676
0.536365
0.546303
0.555605
0.56433
0.57255
0.580345
0.587792
0.594938
0.601843
0.608575
0.6151720000000001
0.621678
0.628129
0.6345460000000001
0.640956
0.647384
0.653834
0.660309
0.666805
0.673319
0.67984
0.686352
0.693044
0.700162
0.707577
0.715087
0.7226630000000001
0.730315
0.738077
0.745959
0.753961
0.762111
0.7704569999999999
0.778989
0.787703
0.796677
0.805938
0.815466
0.825288
0.835429
0.845949
0.856907
0.868432
0.880659
0.893572
0.907165
0.921177
0.935289
0.949413
0.963096
0.97558
0.986134
0.993816
0.9983
1.00042
1.0013
1.00167
1.00186
1.002
1.00214
1.00227
1.00239
1.00252
1.00267
1.00303
1.00306
1.00254
1.0022
1.00209
1.002
1.00192
1.00186
1.00178
1.0017
1.0016
1.00149
1.00138
1.00126
1.00115
1.00106
1.00099
0.0101005
0.0303661
0.050832
0.07159119999999999
0.09273679999999999
0.114361
0.136418
0.158934
0.181988
0.205288
0.228694
0.252268
0.275823
0.299138
0.321984
0.344161
0.36551
0.385925
0.405345
0.423751
0.441156
0.457495
0.472702
0.486919
0.500147
0.51242
0.523894
0.534551
0.544471
0.55377
0.562505
0.570748
0.578574
0.5860570000000001
0.59324
0.600179
0.6069329999999999
0.6135389999999999
0.620048
0.626507
0.632937
0.639358
0.645796
0.652259
0.658755
0.665284
0.67183
0.6783709999999999
0.684895
0.691607
0.698766
0.706227
0.713759
0.72132
0.728938
0.736644
0.7444269999999999
0.752338
0.760469
0.768827
0.777362
0.786076
0.795017
0.8042280000000001
0.813699
0.823433
0.833448
0.843825
0.854698
0.8662029999999999
0.878379
0.891134
0.904498
0.918396
0.932522
0.946716
0.960564
0.973301
0.984247
0.992466
0.997454
0.9999209999999999
1.00099
1.00144
1.00167
1.00184
1.00201
1.00218
1.00233
1.00249
1.00268
1.00308
1.00316
1.00267
1.00237
1.0023
1.00223
1.00218
1.00213
1.00206
1.00197
1.00186
1.00172
1.00157
1.00142
1.00127
1.00116
1.00108
0.0100503
0.0302156
0.0505813
0.07124030000000001
0.09228550000000001
0.113809
0.135765
0.158181
0.181135
0.204339
0.227654
0.251141
0.274615
0.297857
0.320639
0.342761
0.364064
0.38444
0.403828
0.422208
0.43959
0.455911
0.471103
0.485308
0.498527
0.510795
0.522265
0.532921
0.542839
0.552135
0.560866
0.569101
0.576911
0.5843660000000001
0.591512
0.598413
0.605133
0.6117089999999999
0.61819
0.624625
0.631035
0.637442
0.643871
0.650324
0.656805
0.66332
0.669856
0.676391
0.682902
0.68959
0.696746
0.704237
0.711808
0.719411
0.727071
0.7348
0.7425890000000001
0.7504690000000001
0.75853
0.766824
0.775328
0.784034
0.792969
0.802155
0.811558
0.821171
0.831085
0.841417
0.852306
0.863854
0.876013
0.888645
0.90178
0.91554
0.929674
0.943858
0.957801
0.970822
0.982159
0.990882
0.996376
0.99921
1.00049
1.00104
1.00133
1.00155
1.00176
1.00198
1.00218
1.00239
1.00263
1.00308
1.00323
1.00281
1.00255
1.00253
1.00251
1.00249
1.00246
1.0024
1.0023
1.00216
1.00199
1.00179
1.00158
1.00139
1.00124
1.00115
0.00999416
0.0300474
0.0503012
0.0708488
0.09178260000000001
0.113194
0.135039
0.157344
0.180189
0.203285
0.226496
0.249882
0.27326
0.29641
0.319108
0.341151
0.362384
0.382697
0.40203
0.420362
0.437704
0.453991
0.469154
0.483335
0.496533
0.50878
0.520228
0.5308580000000001
0.540747
0.55001
0.558702
0.566893
0.574659
0.582078
0.589198
0.596083
0.6028
0.609381
0.615866
0.622302
0.628712
0.63512
0.641545
0.647994
0.654467
0.660969
0.667497
0.67403
0.680554
0.687254
0.694398
0.70186
0.7093970000000001
0.716965
0.72459
0.732297
0.7400870000000001
0.747959
0.755981
0.76424
0.772723
0.781429
0.790375
0.799539
0.8089190000000001
0.818507
0.828371
0.838665
0.8495279999999999
0.861048
0.8732259999999999
0.8858780000000001
0.898908
0.912501
0.9265910000000001
0.940793
0.954779
0.96806
0.979806
0.989017
0.995031
0.998259
0.99977
1.00044
1.0008
1.00108
1.00136
1.00164
1.00192
1.0022
1.00251
1.00305
1.00329
1.00295
1.00276
1.00281
1.00285
1.00288
1.00288
1.00283
1.00272
1.00255
1.00232
1.00204
1.00176
1.0015
1.00131
1.0012
0.009925420000000001
0.0298415
0.0499584
0.07036969999999999
0.0911671
0.112441
0.134149
0.156318
0.179024
0.201984
0.225061
0.248314
0.271562
0.294583
0.317156
0.339079
0.360198
0.380403
0.399636
0.417876
0.435134
0.451347
0.466445
0.480566
0.493711
0.50591
0.517316
0.52791
0.537772
0.547013
0.55569
0.563871
0.5716290000000001
0.57904
0.586149
0.59302
0.599723
0.606294
0.612775
0.619216
0.625644
0.632072
0.638514
0.6449780000000001
0.651464
0.657971
0.664498
0.6710390000000001
0.677594
0.684338
0.691505
0.698963
0.706491
0.714038
0.72163
0.729301
0.73704
0.744847
0.752802
0.760997
0.7694220000000001
0.778087
0.787019
0.796199
0.805646
0.815313
0.825206
0.835528
0.846373
0.857807
0.8699210000000001
0.882586
0.895649
0.90916
0.923156
0.937389
0.951473
0.964996
0.977115
0.986805
0.993363
0.997016
0.998787
0.999597
1.00005
1.00042
1.00078
1.00115
1.00152
1.00189
1.00231
1.00295
1.00331
1.00308
1.00299
1.00313
1.00326
1.00335
1.0034
1.00337
1.00325
1.00303
1.00272
1.00235
1.00196
1.00161
1.00135
1.00123
0.00981452
0.0295091
0.0494048
0.0695955
0.0901713
0.111224
0.132712
0.154658
0.177145
0.1999
0.222775
0.245822
0.26887
0.291703
0.314105
0.335878
0.35687
0.376974
0.396128
0.414313
0.431519
0.447639
0.462683
0.476755
0.489866
0.502053
0.513406
0.523994
0.533873
0.543127
0.551818
0.560014
0.567786
0.575199
0.582308
0.589166
0.595844
0.602391
0.608851
0.615272
0.621685
0.628111
0.634555
0.641019
0.64751
0.654026
0.660571
0.66714
0.673706
0.680468
0.687666
0.695145
0.702693
0.710265
0.717873
0.725539
0.733266
0.74107
0.749021
0.757176
0.7655380000000001
0.774149
0.783031
0.792176
0.801621
0.81136
0.821429
0.831879
0.842744
0.854139
0.8661489999999999
0.878739
0.891806
0.905348
0.919333
0.933536
0.94775
0.961537
0.974001
0.984177
0.991291
0.995404
0.997461
0.998447
0.999026
0.999503
0.999974
1.00047
1.00096
1.00146
1.00201
1.00279
1.00329
1.00321
1.00324
1.00351
1.00374
1.00393
1.00404
1.00404
1.00391
1.00364
1.00323
1.00272
1.00218
1.00171
1.00137
1.00122
0.00968783
0.0291296
0.0487728
0.068712
0.08903469999999999
0.109835
0.131073
0.15276
0.174984
0.197509
0.22016
0.242956
0.265752
0.288345
0.310524
0.332103
0.352934
0.372914
0.391985
0.41012
0.427205
0.443187
0.458173
0.472178
0.485229
0.497381
0.508695
0.519249
0.529096
0.538314
0.546972
0.55514
0.562882
0.570268
0.57737
0.584233
0.590912
0.597467
0.603938
0.61036
0.616767
0.623179
0.629601
0.63605
0.642539
0.649062
0.655604
0.662154
0.66867
0.675461
0.682735
0.690237
0.697792
0.705366
0.712982
0.720665
0.7284350000000001
0.736317
0.744351
0.7525500000000001
0.760927
0.769527
0.7783639999999999
0.787483
0.796917
0.806691
0.816897
0.82746
0.838395
0.849809
0.861774
0.874309
0.88733
0.9009
0.914941
0.929171
0.943504
0.957557
0.970386
0.981051
0.98875
0.9933689999999999
0.99575
0.996946
0.997678
0.998296
0.99891
0.999551
1.0002
1.00086
1.00157
1.00253
1.00322
1.00331
1.00351
1.00393
1.00431
1.00461
1.00482
1.00487
1.00474
1.0044
1.00388
1.00319
1.00246
1.0018
1.00134
1.00117
0.00954761
0.0287096
0.0480739
0.0677354
0.0877785
0.108302
0.129264
0.150664
0.172584
0.194858
0.217275
0.23979
0.262308
0.284632
0.306566
0.327931
0.348589
0.36844
0.387417
0.405398
0.422291
0.438175
0.453069
0.466965
0.479928
0.491998
0.503236
0.513699
0.523458
0.532596
0.5411859999999999
0.549298
0.556988
0.564321
0.571379
0.578215
0.584873
0.591409
0.597865
0.604277
0.61068
0.617079
0.623481
0.629914
0.636385
0.642879
0.649371
0.655845
0.662313
0.669191
0.676574
0.684103
0.691684
0.699302
0.706964
0.714677
0.722489
0.730443
0.73856
0.746849
0.755314
0.763944
0.772784
0.781952
0.791463
0.801302
0.81152
0.82213
0.83314
0.844612
0.85663
0.869167
0.882178
0.895774
0.909861
0.924203
0.938686
0.952974
0.966188
0.977353
0.98568
0.99086
0.993626
0.995075
0.995991
0.9967819999999999
0.99757
0.998391
0.999231
1.00009
1.00101
1.00217
1.00308
1.00339
1.00378
1.00439
1.00495
1.00541
1.00573
1.00586
1.00575
1.00536
1.00469
1.00379
1.00279
1.00189
1.00127
1.00106
0.009359650000000001
0.0281466
0.0471368
0.066426
0.0860949
0.106247
0.126842
0.147865
0.169391
0.191335
0.213449
0.235616
0.257794
0.279801
0.301449
0.322573
0.343039
0.362727
0.381495
0.399244
0.416014
0.431796
0.446558
0.46036
0.473231
0.485207
0.496358
0.50676
0.516479
0.52558
0.534135
0.542216
0.549882
0.557188
0.564208
0.571009
0.57763
0.584131
0.590556
0.59694
0.603319
0.609696
0.616083
0.622499
0.628947
0.635416
0.641871
0.648284
0.654759
0.66172
0.66917
0.676748
0.684391
0.692082
0.699796
0.707529
0.715373
0.723414
0.731654
0.740034
0.748537
0.757221
0.766173
0.775463
0.785079
0.794988
0.805231
0.815921
0.827005
0.838502
0.850602
0.863235
0.8762799999999999
0.889924
0.904057
0.918513
0.933215
0.94774
0.961334
0.973046
0.98203
0.987829
0.991054
0.9928090000000001
0.99395
0.994947
0.995942
0.9969789999999999
0.998046
0.9991370000000001
1.0003
1.0017
1.00287
1.00344
1.00405
1.00489
1.00566
1.00631
1.00679
1.00702
1.00695
1.00652
1.00571
1.00455
1.00322
1.00199
1.00115
1.00088
0.009128590000000001
0.0274544
0.0459843
0.06481480000000001
0.0840231
0.103712
0.123852
0.144415
0.165462
0.186955
0.208677
0.230447
0.252211
0.273827
0.295123
0.315942
0.336123
0.355496
0.373958
0.391532
0.408151
0.42376
0.438398
0.452084
0.464856
0.47676
0.487869
0.498235
0.507921
0.516992
0.525521
0.533577
0.541229
0.548529
0.555536
0.562325
0.568941
0.57544
0.581865
0.588243
0.594601
0.600951
0.6073190000000001
0.613713
0.620134
0.626576
0.633014
0.63942
0.64601
0.653122
0.660631
0.668252
0.675926
0.6836449999999999
0.691401
0.699209
0.707136
0.715251
0.723558
0.732
0.740561
0.749341
0.758432
0.767866
0.777606
0.78762
0.79797
0.808751
0.819931
0.831466
0.843601
0.856396
0.869568
0.883258
0.8974569999999999
0.91205
0.927002
0.94181
0.955812
0.968104
0.977769
0.984262
0.988015
0.990134
0.991544
0.992785
0.994025
0.995314
0.996645
0.998008
0.99944
1.00112
1.00259
1.00344
1.00433
1.00542
1.00644
1.00731
1.00798
1.00835
1.00836
1.00791
1.00696
1.00552
1.00378
1.00211
1.00095
1.0006
0.00887228
0.0266867
0.044706
0.06302770000000001
0.08172599999999999
0.100896
0.120526
0.140584
0.161107
0.182066
0.203326
0.224671
0.245976
0.267158
0.288056
0.308492
0.32827
0.347265
0.365477
0.382831
0.399202
0.414612
0.429083
0.442617
0.455256
0.467048
0.478054
0.488332
0.497946
0.506962
0.515438
0.523442
0.531054
0.538333
0.545328
0.552103
0.558717
0.565212
0.571631
0.578003
0.584348
0.590695
0.597062
0.603451
0.60986
0.616287
0.622717
0.629131
0.63589
0.643188
0.650751
0.658427
0.666146
0.673892
0.681693
0.689584
0.6976020000000001
0.705799
0.71417
0.722684
0.731368
0.740272
0.749467
0.7590249999999999
0.76892
0.779121
0.789651
0.800517
0.811756
0.8234050000000001
0.835633
0.848553
0.861923
0.875738
0.890045
0.904793
0.92
0.9351699999999999
0.949628
0.96251
0.972903
0.980158
0.984507
0.987054
0.988781
0.990304
0.991828
0.993408
0.995041
0.996714
0.998453
1.00045
1.00225
1.00342
1.00459
1.00598
1.00727
1.00839
1.00928
1.00983
1.00995
1.00953
1.00847
1.00675
1.00453
1.00229
1.00068
1.0002
0.008587340000000001
0.0258333
0.043285
0.0610412
0.0791741
0.09777039999999999
0.116834
0.136329
0.15628
0.176662
0.197377
0.218226
0.239047
0.259751
0.280187
0.300148
0.319479
0.338133
0.356065
0.373091
0.389191
0.404381
0.418622
0.431983
0.444463
0.456109
0.46699
0.477161
0.486684
0.495625
0.504037
0.5119899999999999
0.519549
0.526782
0.533749
0.540498
0.547084
0.553553
0.559939
0.566277
0.572601
0.578935
0.585293
0.59168
0.598105
0.604561
0.6110100000000001
0.617432
0.624279
0.631676
0.639276
0.64701
0.654815
0.662673
0.670584
0.678563
0.686651
0.694928
0.703403
0.712046
0.720888
0.7299639999999999
0.739308
0.748967
0.75898
0.76939
0.780141
0.791169
0.802524
0.814293
0.826646
0.839699
0.853297
0.86734
0.881823
0.896749
0.91221
0.927781
0.942738
0.956264
0.967456
0.975526
0.9805430000000001
0.983583
0.985683
0.987531
0.989379
0.99129
0.993262
0.995279
0.997359
0.99969
1.00185
1.00337
1.00486
1.00655
1.00814
1.00953
1.01067
1.01144
1.01172
1.01137
1.01026
1.00826
1.00552
1.00255
1.00032
0.99964
0.008273630000000001
0.0248937
0.0417204
0.0588537
0.07636370000000001
0.09432989999999999
0.112766
0.131638
0.150959
0.170711
0.190799
0.211071
0.231357
0.25152
0.271406
0.290849
0.309745
0.32804
0.345591
0.362264
0.378066
0.392991
0.407004
0.420128
0.432413
0.443901
0.454641
0.464688
0.474103
0.482938
0.491259
0.499141
0.506639
0.513811
0.520718
0.527411
0.533942
0.5403559999999999
0.546694
0.552991
0.559281
0.565591
0.571937
0.57833
0.584775
0.5912539999999999
0.597724
0.604194
0.611131
0.618621
0.626275
0.634035
0.641868
0.649797
0.6578580000000001
0.666022
0.674274
0.6826680000000001
0.6912509999999999
0.700056
0.709108
0.718395
0.7279060000000001
0.737698
0.7478320000000001
0.758408
0.769391
0.780651
0.792206
0.804135
0.816614
0.829829
0.843693
0.858028
0.872783
0.887955
0.903671
0.91964
0.935153
0.949386
0.961421
0.970371
0.976153
0.979757
0.98229
0.984508
0.986721
0.988999
0.9913459999999999
0.99374
0.996192
0.998889
1.00143
1.00332
1.00514
1.00715
1.00905
1.01073
1.01214
1.01315
1.01363
1.01342
1.01231
1.01011
1.00682
1.00297
0.999883
0.998873
0.00791735
0.0238265
0.0399431
0.0563683
0.0731701
0.0904199
0.10814
0.1263
0.144905
0.16394
0.183316
0.202902
0.222543
0.242077
0.261355
0.280253
0.298676
0.316546
0.333654
0.349958
0.365436
0.380037
0.393804
0.406704
0.418777
0.430073
0.440644
0.450546
0.459836
0.468566
0.476798
0.4846
0.492028
0.49914
0.5059900000000001
0.5126270000000001
0.519105
0.5254760000000001
0.531786
0.538067
0.54434
0.550633
0.5569730000000001
0.563369
0.569806
0.5762659999999999
0.582735
0.589284
0.596364
0.603985
0.611747
0.619606
0.627521
0.635512
0.643643
0.651927
0.660357
0.668939
0.677693
0.686682
0.695955
0.70548
0.715214
0.725203
0.735493
0.7462299999999999
0.757446
0.768965
0.78076
0.79292
0.805582
0.818946
0.833081
0.847781
0.862893
0.878401
0.894421
0.910794
0.926911
0.941907
0.95482
0.96473
0.971377
0.975624
0.97865
0.981288
0.983904
0.986587
0.989341
0.9921410000000001
0.994988
0.998069
1.00101
1.00329
1.00544
1.00778
1.01
1.01198
1.01366
1.01494
1.01565
1.01562
1.0146
1.01229
1.0085
1.00363
0.99938
0.997835
0.00751533
0.0226222
0.0379373
0.0535628
0.06956469999999999
0.0860061
0.102917
0.120271
0.138068
0.156294
0.17487
0.193674
0.212561
0.231382
0.249996
0.268285
0.286159
0.303492
0.320101
0.335978
0.351083
0.365333
0.378781
0.391432
0.403294
0.414408
0.424823
0.434592
0.443771
0.452409
0.460563
0.468301
0.475675
0.482746
0.489568
0.496182
0.502636
0.50898
0.515258
0.521508
0.5277579999999999
0.534036
0.540366
0.546749
0.553164
0.559608
0.5660809999999999
0.572709
0.579917
0.587655
0.595545
0.603548
0.61163
0.619783
0.628033
0.636421
0.644995
0.653767
0.662732
0.67191
0.681378
0.691169
0.701217
0.711466
0.721959
0.732883
0.744318
0.75612
0.7682099999999999
0.780643
0.793561
0.807131
0.821514
0.836601
0.852144
0.868084
0.884493
0.901309
0.918067
0.933875
0.947716
0.958665
0.966269
0.971242
0.974828
0.977934
0.980992
0.984113
0.987303
0.990533
0.993796
0.997274
1.00062
1.0033
1.0058
1.00846
1.01099
1.01326
1.01523
1.01677
1.01775
1.01795
1.0171
1.0148
1.01063
1.00464
0.998855
0.996443
0.00708332
0.021328
0.0357815
0.0505468
0.06568740000000001
0.08125830000000001
0.0972959
0.113778
0.1307
0.148052
0.165761
0.183715
0.201782
0.219822
0.237705
0.255319
0.272578
0.289293
0.305353
0.320742
0.335406
0.349299
0.362394
0.374732
0.386335
0.397223
0.407439
0.417039
0.426077
0.434597
0.442654
0.45031
0.457612
0.464617
0.471384
0.477964
0.4844
0.49073
0.496995
0.503231
0.509473
0.515749
0.522072
0.528443
0.534855
0.5413019999999999
0.547779
0.55447
0.561761
0.569574
0.577591
0.585753
0.59402
0.6023810000000001
0.610853
0.6194539999999999
0.628212
0.637173
0.646374
0.655791
0.665475
0.675493
0.68582
0.6964050000000001
0.707213
0.718376
0.730029
0.742125
0.754576
0.767352
0.780581
0.7944560000000001
0.809115
0.824555
0.8405899999999999
0.8570489999999999
0.873928
0.891248
0.908675
0.9253400000000001
0.940171
0.952229
0.960892
0.966683
0.970896
0.974516
0.97805
0.981639
0.985289
0.988968
0.992661
0.996548
1.00031
1.00338
1.00621
1.00919
1.01203
1.01459
1.01683
1.01865
1.01989
1.02036
1.01975
1.01762
1.01325
1.00613
0.998397
0.994581
0.00661278
0.0199183
0.0334335
0.0472619
0.0614642
0.0760869
0.0911713
0.1067
0.122667
0.139062
0.155822
0.172845
0.19001
0.20719
0.224265
0.241131
0.257693
0.273742
0.289226
0.304092
0.318256
0.331742
0.344483
0.356494
0.367807
0.378441
0.388436
0.397845
0.406721
0.415113
0.423063
0.430622
0.43784
0.444774
0.451482
0.458008
0.464397
0.470696
0.47694
0.483168
0.489409
0.495689
0.502022
0.508406
0.514837
0.521304
0.527795
0.534567
0.541957
0.549836
0.557955
0.566256
0.574717
0.583321
0.59205
0.600916
0.609927
0.619127
0.62858
0.638273
0.648232
0.658513
0.6691009999999999
0.680025
0.691245
0.702762
0.714679
0.727061
0.739884
0.753082
0.7667119999999999
0.780959
0.795967
0.811775
0.828317
0.845359
0.862783
0.880681
0.898796
0.9163520000000001
0.932253
0.945485
0.955309
0.962024
0.966931
0.971108
0.975152
0.979232
0.983359
0.987499
0.991627
0.99592
1.00009
1.00355
1.00671
1.00999
1.01312
1.01595
1.01845
1.02053
1.02205
1.02279
1.02252
1.0207
1.01633
1.00826
0.998162
0.992092
0.00610209
0.0183884
0.0308853
0.043697
0.0568814
0.07047589999999999
0.0845258
0.09902
0.11395
0.129308
0.145038
0.161049
0.177232
0.19347
0.209653
0.225685
0.241444
0.256752
0.271581
0.285852
0.299466
0.312455
0.324778
0.336424
0.347415
0.357781
0.367557
0.376779
0.385491
0.393745
0.401584
0.409058
0.416224
0.423119
0.429786
0.436273
0.442627
0.448884
0.455087
0.461278
0.467497
0.473771
0.48011
0.486519
0.492992
0.499526
0.5061020000000001
0.513002
0.52053
0.528508
0.536723
0.545147
0.553782
0.562611
0.571601
0.580743
0.5900570000000001
0.59958
0.6093150000000001
0.619276
0.629561
0.64023
0.651191
0.662449
0.674073
0.686028
0.698334
0.711054
0.724226
0.7378749999999999
0.7520019999999999
0.766691
0.782127
0.798377
0.815428
0.833095
0.851151
0.869699
0.888533
0.90701
0.9240390000000001
0.938519
0.949603
0.9573469999999999
0.963014
0.96779
0.972369
0.976956
0.9815700000000001
0.986175
0.990739
0.99543
0.9999980000000001
1.00383
1.00731
1.01087
1.01428
1.01736
1.0201
1.02243
1.0242
1.02524
1.02535
1.02394
1.01978
1.01114
0.998403
0.988761
0.00556551
0.0167804
0.0282057
0.0399455
0.0520547
0.06456149999999999
0.0775141
0.0909074
0.104732
0.118982
0.133608
0.148531
0.163653
0.17887
0.194081
0.209198
0.22407
0.238567
0.252657
0.266263
0.279291
0.291722
0.30356
0.314789
0.325415
0.335457
0.344947
0.35392
0.362416
0.370482
0.37817
0.385523
0.392588
0.399407
0.406023
0.412483
0.41882
0.425074
0.431287
0.437488
0.443718
0.450003
0.456354
0.462784
0.469295
0.475887
0.48255
0.489586
0.497269
0.5054
0.513787
0.522406
0.53126
0.540322
0.549547
0.558953
0.568596
0.578476
0.588554
0.598869
0.6095390000000001
0.620617
0.632037
0.643732
0.655779
0.668199
0.680992
0.694178
0.707759
0.721864
0.73653
0.751756
0.7677
0.784458
0.802053
0.820372
0.839156
0.858415
0.878014
0.897442
0.915645
0.931439
0.943858
0.952738
0.959226
0.964639
0.969771
0.974872
0.979975
0.985042
0.990035
0.995113
1.00006
1.00425
1.00802
1.01185
1.0155
1.01881
1.02177
1.02433
1.02633
1.02767
1.02819
1.02724
1.02355
1.01497
0.999555
0.984303
0.00498563
0.0150425
0.0253096
0.0358904
0.0468367
0.0581676
0.0699331
0.08213570000000001
0.0947663
0.107819
0.121254
0.135005
0.148984
0.1631
0.177263
0.191392
0.205318
0.218949
0.232245
0.245126
0.257522
0.269373
0.28069
0.291452
0.30166
0.311334
0.320502
0.329198
0.337458
0.345319
0.352821
0.360012
0.366945
0.373668
0.380223
0.386638
0.392954
0.399217
0.405454
0.411694
0.417968
0.424299
0.430708
0.437202
0.44378
0.450433
0.457146
0.464286
0.472137
0.480454
0.489048
0.497879
0.506966
0.516297
0.525846
0.535619
0.545627
0.555862
0.566329
0.577098
0.588234
0.599745
0.611637
0.623868
0.636429
0.649366
0.662702
0.6764520000000001
0.690584
0.705191
0.7204199999999999
0.736262
0.752802
0.770146
0.788339
0.807351
0.826928
0.8469680000000001
0.867389
0.887778
0.907186
0.924342
0.938153
0.948263
0.955637
0.961724
0.9674199999999999
0.973034
0.978619
0.984137
0.989542
0.994989
1.00029
1.00482
1.00887
1.01292
1.0168
1.02031
1.02346
1.02622
1.02844
1.03006
1.03097
1.03055
1.02759
1.01979
1.00223
0.978289
0.00437137
0.0132014
0.022241
0.0315928
0.041305
0.0513875
0.061891
0.0728258
0.08418390000000001
0.0959597
0.108122
0.120616
0.133367
0.146295
0.159319
0.172362
0.185258
0.197945
0.210364
0.222425
0.234098
0.245305
0.256028
0.266253
0.275986
0.285252
0.294068
0.302458
0.310447
0.318074
0.325382
0.332419
0.339232
0.345861
0.352337
0.358699
0.364991
0.37125
0.377499
0.383769
0.390081
0.396463
0.40295
0.40955
0.416256
0.423043
0.429867
0.437166
0.445195
0.453664
0.462451
0.4715
0.48082
0.490435
0.50036
0.510583
0.52106
0.531762
0.542712
0.553983
0.565627
0.577636
0.590062
0.602902
0.616078
0.629614
0.643578
0.657967
0.672758
0.687999
0.703823
0.720318
0.7375620000000001
0.755589
0.774451
0.794201
0.814597
0.835493
0.856795
0.878149
0.898777
0.917315
0.932559
0.943975
0.952306
0.959102
0.965363
0.971484
0.977537
0.983487
0.989283
0.995074
1.0007
1.00555
1.00984
1.0141
1.01817
1.02186
1.02518
1.02811
1.03052
1.03241
1.03369
1.03378
1.03177
1.02536
1.00707
0.970606
0.00373031
0.0112791
0.0190349
0.0270989
0.0355148
0.044283
0.053454
0.0630447
0.0730484
0.0834598
0.09425649999999999
0.105394
0.116811
0.128439
0.140211
0.152044
0.163803
0.175446
0.186888
0.198038
0.20889
0.219367
0.229434
0.239081
0.248315
0.257142
0.265567
0.273607
0.281296
0.28867
0.295775
0.302648
0.309324
0.315834
0.322215
0.328512
0.334762
0.340994
0.347243
0.353539
0.359899
0.366354
0.372927
0.379629
0.386463
0.393415
0.40042
0.407943
0.416224
0.424924
0.433941
0.44324
0.452832
0.462752
0.473029
0.483681
0.494689
0.506001
0.517588
0.529465
0.541686
0.554272
0.567294
0.580816
0.594732
0.608985
0.62365
0.638782
0.6543330000000001
0.670323
0.686849
0.704043
0.722029
0.740819
0.760443
0.780968
0.802215
0.824027
0.846254
0.868592
0.890437
0.910364
0.927086
0.939885
0.949255
0.956785
0.963609
0.97022
0.976721
0.983077
0.989238
0.99534
1.00127
1.00641
1.01091
1.01535
1.01958
1.02342
1.02689
1.02997
1.03255
1.03468
1.03628
1.03689
1.03591
1.0314
1.01449
0.968008
0.00305852
0.00926363
0.0156713
0.0223806
0.0294302
0.0368108
0.0445722
0.0527376
0.0613013
0.0702585
0.0795951
0.08927740000000001
0.0992571
0.109478
0.119884
0.130398
0.140912
0.151392
0.161749
0.1719
0.181837
0.191492
0.20083
0.209837
0.218506
0.22683
0.23481
0.24247
0.249842
0.256953
0.263837
0.270524
0.277041
0.283422
0.289705
0.295924
0.302108
0.308295
0.314531
0.320837
0.327235
0.333748
0.340395
0.347203
0.354177
0.361299
0.368502
0.376247
0.384802
0.393824
0.403177
0.412846
0.422833
0.433141
0.443813
0.454917
0.46648
0.47845
0.490758
0.503372
0.516308
0.529626
0.543367
0.557612
0.572361
0.587484
0.602979
0.618966
0.635373
0.652209
0.669578
0.687539
0.706299
0.725922
0.746375
0.767714
0.789849
0.812604
0.835772
0.859118
0.882138
0.90347
0.921724
0.9359730000000001
0.946474
0.954762
0.962141
0.969221
0.976139
0.982873
0.989368
0.995747
1.00195
1.00735
1.01204
1.01663
1.02101
1.02498
1.02857
1.03177
1.0345
1.03683
1.03871
1.03979
1.03986
1.0375
1.02413
0.976642
0.00234241
0.00711524
0.0120859
0.0173516
0.022945
0.0288455
0.0351028
0.041745
0.0487671
0.0561645
0.0639314
0.0720447
0.0804685
0.0891594
0.0980721
0.107142
0.116283
0.125463
0.134607
0.143641
0.152544
0.161264
0.169765
0.178028
0.186035
0.193772
0.20125
0.208487
0.215499
0.222306
0.228931
0.235399
0.241745
0.248009
0.254218
0.260395
0.266561
0.272751
0.279006
0.285337
0.291767
0.298326
0.305049
0.311977
0.319114
0.326431
0.33385
0.341828
0.350659
0.360024
0.369793
0.379932
0.390446
0.401325
0.412566
0.424239
0.436433
0.449119
0.462225
0.475712
0.489517
0.503695
0.5183449999999999
0.533471
0.549116
0.565227
0.581719
0.598696
0.616113
0.633879
0.652169
0.671032
0.690626
0.7111150000000001
0.732437
0.754622
0.777666
0.801352
0.825472
0.849836
0.873961
0.89669
0.916499
0.932257
0.943971
0.953041
0.960967
0.968488
0.975791
0.982867
0.989664
0.996287
1.00273
1.00837
1.01323
1.01793
1.02243
1.02652
1.03021
1.03351
1.03637
1.03886
1.04096
1.04247
1.04349
1.04322
1.03488
0.99418
0.00126939
0.00392855
0.00684427
0.0101236
0.0137757
0.0177394
0.0220688
0.0267993
0.0319199
0.0374242
0.0433163
0.0495857
0.0562102
0.0631594
0.0703997
0.07788249999999999
0.085544
0.09335010000000001
0.10124
0.109147
0.117041
0.124873
0.132605
0.14021
0.147652
0.154919
0.162017
0.168947
0.175717
0.182337
0.188819
0.195188
0.201479
0.207723
0.213948
0.22017
0.226413
0.232713
0.239099
0.245586
0.252207
0.258994
0.265974
0.273185
0.28064
0.28829
0.29602
0.304321
0.313547
0.323389
0.333704
0.344422
0.35554
0.367117
0.379155
0.391635
0.404613
0.418135
0.432187
0.446704
0.461566
0.476774
0.492475
0.5086850000000001
0.5253640000000001
0.542536
0.560135
0.578213
0.596801
0.6156509999999999
0.634927
0.654792
0.675278
0.696643
0.718869
0.741927
0.765873
0.790479
0.815565
0.840919
0.8660870000000001
0.890146
0.911485
0.928777
0.94176
0.951642
0.960108
0.968039
0.9756899999999999
0.983071
0.990136
0.9969710000000001
1.00361
1.00948
1.01448
1.01928
1.02388
1.02805
1.03182
1.03521
1.03817
1.04079
1.04307
1.04495
1.04675
1.04826
1.04549
1.01715
0.00312616
0.00664902
0.0104041
0.0144542
0.0188064
0.0234181
0.0283148
0.0335126
0.038996
0.044745
0.0507437
0.0569665
0.0633821
0.0699578
0.07664899999999999
0.083402
0.0901854
0.0969618
0.103682
0.11032
0.116851
0.123251
0.129505
0.135595
0.141511
0.147261
0.152856
0.158304
0.163621
0.16882
0.173918
0.178945
0.183937
0.188928
0.193951
0.199035
0.204217
0.209543
0.215039
0.220733
0.226665
0.232863
0.239336
0.246111
0.253199
0.260561
0.268361
0.276935
0.286271
0.296171
0.306574
0.317441
0.328788
0.340679
0.353119
0.366059
0.379541
0.393617
0.408295
0.42353
0.439208
0.455246
0.471762
0.488842
0.506379
0.524386
0.542895
0.561901
0.581448
0.601294
0.621448
0.642146
0.663442
0.685585
0.708593
0.7324040000000001
0.757101
0.782487
0.808371
0.83451
0.8604889999999999
0.885528
0.908015
0.926494
0.940495
0.951062
0.959981
0.968248
0.976172
0.983791
0.991058
0.99805
1.00484
1.01085
1.01596
1.02081
1.02547
1.0297
1.03352
1.03696
1.03999
1.04269
1.04511
1.0473
1.0497
1.05253
1.05494
1.04231
0.00562462
0.0120465
0.0185872
0.0252669
0.0321149
0.0391397
0.0463351
0.0536982
0.0612131
0.0688478
0.0765591
0.08429780000000001
0.09201529999999999
0.0996494
0.107132
0.114426
0.121486
0.128267
0.134757
0.140938
0.1468
0.152348
0.157597
0.162555
0.167235
0.171669
0.175884
0.179905
0.183758
0.187469
0.191061
0.194566
0.198024
0.201471
0.204943
0.208472
0.212099
0.215873
0.219828
0.224004
0.228448
0.233202
0.238287
0.243731
0.249564
0.255863
0.263005
0.27102
0.279595
0.288709
0.298375
0.308595
0.319415
0.330885
0.342958
0.355584
0.368828
0.382744
0.397341
0.41258
0.428369
0.444643
0.461466
0.478874
0.49675
0.515092
0.5340549999999999
0.553602
0.573666
0.59407
0.614789
0.636009
0.657857
0.680554
0.70409
0.72841
0.753599
0.779489
0.80585
0.832443
0.858853
0.884347
0.907359
0.926384
0.940883
0.951838
0.9610379999999999
0.969513
0.977602
0.985353
0.992726
0.999792
1.00663
1.0127
1.01784
1.0227
1.02736
1.03159
1.03541
1.03886
1.04191
1.04466
1.04717
1.04959
1.0524
1.05609
1.06262
1.06653
0.00627224
0.014308
0.0223953
0.0305777
0.0388899
0.0473463
0.0559369
0.0646552
0.0734911
0.08241080000000001
0.0913688
0.100303
0.109141
0.117816
0.126275
0.134463
0.142315
0.149811
0.156922
0.163624
0.169914
0.175802
0.181316
0.186477
0.1913
0.195809
0.200042
0.204032
0.207806
0.211394
0.214822
0.218114
0.221304
0.224425
0.227507
0.230574
0.233652
0.236785
0.240015
0.243385
0.246942
0.250728
0.25479
0.259181
0.263963
0.26932
0.275441
0.282245
0.289616
0.297582
0.306175
0.315388
0.325257
0.33584
0.347112
0.359045
0.371654
0.384922
0.398876
0.413539
0.428913
0.445014
0.461743
0.479008
0.496757
0.515023
0.534041
0.553749
0.573909
0.594419
0.615341
0.636764
0.658878
0.681868
0.705641
0.730193
0.755607
0.781685
0.808182
0.834877
0.861329
0.88679
0.909736
0.928686
0.943153
0.954152
0.9634239999999999
0.971961
0.980086
0.98785
0.995214
1.00226
1.00905
1.01507
1.02017
1.02497
1.02957
1.03375
1.03752
1.04094
1.04397
1.04672
1.04928
1.05185
1.05486
1.05906
1.06824
1.08692
0.007830500000000001
0.0179051
0.0279465
0.0380225
0.0481718
0.0584191
0.0687593
0.0791775
0.089655
0.100151
0.110612
0.120972
0.131157
0.141112
0.150747
0.159984
0.168783
0.177104
0.184923
0.192225
0.199019
0.205314
0.211144
0.216549
0.221562
0.226215
0.230545
0.234588
0.238381
0.24196
0.245356
0.248596
0.251709
0.254725
0.257674
0.260585
0.26348
0.266394
0.269363
0.272425
0.275614
0.278967
0.282529
0.28636
0.290527
0.295213
0.300501
0.306319
0.312666
0.31957
0.327082
0.335241
0.344106
0.353739
0.364106
0.375163
0.3869
0.399287
0.412355
0.426228
0.440997
0.456587
0.472828
0.489611
0.506916
0.524858
0.543619
0.563051
0.582898
0.603152
0.623872
0.64516
0.667257
0.69021
0.713866
0.738322
0.763638
0.789531
0.815771
0.842153
0.868202
0.893095
0.915342
0.933566
0.947468
0.958158
0.967272
0.975694
0.983707
0.991348
0.998577
1.0055
1.01215
1.018
1.02297
1.02764
1.03212
1.03619
1.03986
1.0432
1.04618
1.04888
1.05146
1.0541
1.05718
1.06163
1.07193
1.10094
0.009268
0.0217512
0.0341108
0.0464389
0.0587815
0.07116740000000001
0.0836041
0.0960762
0.108549
0.120971
0.133284
0.145423
0.157329
0.168908
0.180023
0.190625
0.200668
0.210074
0.21883
0.226933
0.234396
0.241246
0.247525
0.253284
0.258566
0.263423
0.267907
0.272059
0.275924
0.279542
0.282947
0.286172
0.289253
0.292217
0.295093
0.297911
0.300703
0.303499
0.306334
0.309236
0.312238
0.315372
0.318677
0.322196
0.325986
0.330187
0.334867
0.339998
0.345599
0.35171
0.358389
0.365694
0.373677
0.382395
0.391853
0.401982
0.412757
0.42422
0.436434
0.449505
0.463503
0.478311
0.493792
0.5099089999999999
0.526607
0.5440469999999999
0.562262
0.581009
0.600256
0.61997
0.640166
0.661077
0.682847
0.705387
0.728585
0.7526080000000001
0.777444
0.802759
0.828355
0.854
0.87918
0.902969
0.923923
0.940849
0.953734
0.963822
0.972567
0.980698
0.988442
0.995824
1.0028
1.00949
1.01589
1.02146
1.02621
1.03071
1.035
1.03891
1.04244
1.04565
1.04853
1.05116
1.05371
1.05635
1.05943
1.06398
1.07415
1.10655
0.0115408
0.0267871
0.0418106
0.0567244
0.0715913
0.08644499999999999
0.101296
0.11613
0.130911
0.145584
0.160085
0.174343
0.188276
0.201718
0.21459
0.226806
0.238279
0.248986
0.258865
0.267921
0.276179
0.283692
0.290504
0.296673
0.302273
0.307371
0.312035
0.31632
0.320275
0.323947
0.327383
0.330621
0.333702
0.336655
0.339506
0.342287
0.345028
0.347755
0.350496
0.353282
0.356142
0.359111
0.362227
0.365525
0.369051
0.372912
0.37716
0.381788
0.38684
0.392363
0.398404
0.405011
0.412227
0.42011
0.428711
0.437985
0.4479
0.458521
0.469895
0.482076
0.495131
0.509003
0.523622
0.53894
0.554907
0.571592
0.588897
0.606739
0.625144
0.644046
0.663535
0.683827
0.7049299999999999
0.726674
0.74912
0.772388
0.796332
0.82069
0.845268
0.869761
0.893608
0.915791
0.9349460000000001
0.950153
0.961718
0.970991
0.979187
0.986872
0.994205
1.00119
1.00779
1.01416
1.02021
1.0254
1.02987
1.03414
1.0382
1.04189
1.04523
1.04827
1.05101
1.05354
1.05602
1.05861
1.06164
1.06615
1.07548
1.10292
0.0115755
0.0298648
0.0479736
0.0659049
0.0837347
0.101505
0.119229
0.136896
0.154463
0.17187
0.189042
0.205896
0.222339
0.238164
0.253272
0.267557
0.280905
0.293299
0.304657
0.314976
0.324307
0.332714
0.340248
0.346984
0.353032
0.358482
0.363412
0.367892
0.37198
0.375739
0.37923
0.382499
0.385586
0.388519
0.391332
0.394064
0.396738
0.39938
0.402019
0.404686
0.407411
0.41023
0.413177
0.416278
0.419569
0.42314
0.427034
0.431252
0.435829
0.440813
0.446267
0.452237
0.458765
0.465895
0.473661
0.482088
0.491182
0.500976
0.511471
0.522678
0.534698
0.5475449999999999
0.561188
0.5755439999999999
0.590552
0.606147
0.622292
0.639051
0.656395
0.674316
0.692877
0.712242
0.732333
0.752968
0.774375
0.796558
0.819255
0.842313
0.865519
0.888472
0.910577
0.930739
0.947721
0.9609760000000001
0.971088
0.979417
0.986935
0.994038
1.00083
1.00731
1.01345
1.01941
1.025
1.02975
1.03388
1.03787
1.04166
1.04509
1.04819
1.05104
1.0536
1.056
1.05838
1.06088
1.06382
1.06817
1.07639
1.09543
0.0136739
0.0353383
0.0567236
0.0778731
0.0988672
0.119758
0.140567
0.161282
0.181857
0.202225
0.2223
0.241986
0.26118
0.279625
0.297204
0.313795
0.329255
0.34356
0.356606
0.368389
0.378968
0.388424
0.396817
0.404245
0.410844
0.416725
0.421987
0.426717
0.430986
0.43487
0.438442
0.441755
0.444854
0.447771
0.450544
0.453214
0.455805
0.458344
0.460861
0.463386
0.465949
0.46858
0.471311
0.474165
0.477176
0.480417
0.483936
0.487743
0.491861
0.496329
0.501206
0.50654
0.512369
0.5187310000000001
0.525671
0.533231
0.541446
0.550315
0.5598109999999999
0.569957
0.580863
0.592596
0.605088
0.618229
0.631944
0.646192
0.661035
0.676535
0.692651
0.709365
0.726739
0.744879
0.763608
0.782925
0.803026
0.823771
0.8449719999999999
0.866468
0.888006
0.909126
0.929172
0.947024
0.961628
0.972851
0.98151
0.988834
0.995573
1.00199
1.00815
1.01402
1.01963
1.02511
1.03017
1.03442
1.03817
1.04182
1.04529
1.04844
1.05129
1.0539
1.05627
1.05851
1.06076
1.06313
1.06593
1.07004
1.07713
1.09008
0.020864
0.0459897
0.07060900000000001
0.0949093
0.119017
0.142992
0.166862
0.190616
0.214209
0.237564
0.260586
0.283167
0.30518
0.326303
0.346442
0.365449
0.383126
0.39947
0.414346
0.427736
0.4397
0.450331
0.459709
0.467941
0.475181
0.481572
0.487233
0.492271
0.496776
0.50083
0.504508
0.5078780000000001
0.510992
0.51389
0.516609
0.519192
0.521675
0.52408
0.526435
0.528764
0.531093
0.533456
0.535884
0.538408
0.541062
0.5439040000000001
0.5469850000000001
0.55031
0.5538999999999999
0.557791
0.562022
0.566651
0.571732
0.577298
0.583381
0.589992
0.597159
0.604913
0.61327
0.622278
0.631984
0.642396
0.653478
0.665135
0.67731
0.690067
0.7034899999999999
0.717569
0.73224
0.747521
0.7635150000000001
0.780155
0.797303
0.815145
0.833696
0.852779
0.872314
0.892066
0.911717
0.93082
0.948604
0.963994
0.976214
0.985461
0.992723
0.9990250000000001
1.00491
1.01057
1.01602
1.02122
1.02624
1.03116
1.03563
1.03935
1.0427
1.04598
1.04909
1.05191
1.0545
1.05686
1.05899
1.06104
1.06314
1.06536
1.06799
1.07179
1.07784
1.08695
0.013108
0.0353546
0.06412279999999999
0.0925018
0.120673
0.148713
0.176664
0.204528
0.232257
0.259772
0.286964
0.313704
0.33985
0.365069
0.389153
0.411947
0.433255
0.452922
0.470801
0.486908
0.501234
0.51387
0.524969
0.534636
0.543029
0.550346
0.556745
0.562367
0.5673240000000001
0.571715
0.575642
0.579183
0.582398
0.585335
0.5880379999999999
0.5905550000000001
0.592926
0.595179
0.597347
0.599452
0.601519
0.6035740000000001
0.605647
0.607774
0.6099869999999999
0.612325
0.614838
0.617551
0.6204769999999999
0.623653
0.627123
0.630942
0.635142
0.639741
0.6447580000000001
0.650205
0.6561439999999999
0.662635
0.669714
0.677383
0.685646
0.694509
0.703966
0.713974
0.724499
0.735689
0.747579
0.760066
0.773176
0.786947
0.801405
0.816395
0.831933
0.848177
0.865034
0.882435
0.900214
0.918123
0.935798
0.952793
0.968253
0.981173
0.9911450000000001
0.99858
1.00452
1.0098
1.0148
1.01963
1.02431
1.02881
1.0332
1.03751
1.04134
1.04451
1.04742
1.05031
1.05303
1.0555
1.05778
1.05987
1.06177
1.06361
1.06553
1.06757
1.07001
1.07348
1.0786
1.08515
0.000958781
0.0119894
0.037588
0.0685747
0.0995262
0.130595
0.161861
0.193359
0.225073
0.256936
0.288834
0.320616
0.352112
0.382948
0.412776
0.441377
0.468458
0.493635
0.516701
0.537613
0.556265
0.572651
0.58693
0.59929
0.6098789999999999
0.618937
0.626718
0.633412
0.639172
0.644153
0.648509
0.652343
0.655731
0.658737
0.661425
0.663855
0.666062
0.668088
0.669972
0.671743
0.673427
0.675045
0.6766219999999999
0.678195
0.679803
0.681461
0.683218
0.685127
0.687209
0.6895
0.692039
0.694856
0.697985
0.7014550000000001
0.705282
0.709487
0.714151
0.719338
0.7250450000000001
0.73126
0.738023
0.745339
0.75321
0.761632
0.770618
0.780294
0.790648
0.801631
0.813294
0.825609
0.838514
0.851948
0.865969
0.880607
0.895838
0.911635
0.927689
0.943775
0.959533
0.974454
0.987667
0.998281
1.00621
1.01203
1.01674
1.021
1.02509
1.02908
1.03296
1.03671
1.04045
1.04411
1.04728
1.04988
1.05231
1.05477
1.0571
1.0592
1.06114
1.06295
1.06459
1.06621
1.06791
1.06976
1.07199
1.07512
1.07946
1.08421
0.0163554
0.0337101
0.0586831
0.08917949999999999
0.119794
0.150689
0.181951
0.213626
0.245707
0.278146
0.310844
0.343653
0.376409
0.408831
0.440569
0.471322
0.500759
0.528533
0.554381
0.578089
0.599521
0.618609
0.635416
0.6501
0.662756
0.673593
0.682886
0.690844
0.697648
0.703478
0.7085050000000001
0.712848
0.7166130000000001
0.719898
0.722784
0.725332
0.727584
0.729591
0.731392
0.73302
0.734509
0.735884
0.737177
0.73842
0.739649
0.740881
0.742161
0.743544
0.745062
0.746744
0.748619
0.750709
0.753064
0.755725
0.758698
0.762022
0.765774
0.769981
0.774612
0.779717
0.785371
0.791513
0.798148
0.805332
0.81311
0.821539
0.830646
0.840453
0.8509139999999999
0.861951
0.873523
0.8856540000000001
0.898312
0.911507
0.925325
0.939632
0.954088
0.96848
0.9824619999999999
0.995461
1.00661
1.01518
1.02131
1.02571
1.02926
1.03253
1.03569
1.03882
1.04188
1.04488
1.04793
1.0509
1.0534
1.05542
1.05737
1.05937
1.06127
1.063
1.06459
1.06608
1.06745
1.06883
1.0703
1.07193
1.07394
1.07675
1.08042
1.08386
0.0214795
0.0494147
0.0797001
0.109909
0.140233
0.170834
0.201798
0.233168
0.264942
0.297083
0.329512
0.362101
0.394716
0.427213
0.45922
0.490442
0.520627
0.549481
0.5767640000000001
0.60215
0.625459
0.646618
0.665618
0.682457
0.6971889999999999
0.709989
0.721072
0.730633
0.738858
0.745924
0.752001
0.7572410000000001
0.761774
0.765713
0.769139
0.772128
0.77475
0.777056
0.779091
0.7809
0.78252
0.783983
0.7853250000000001
0.786575
0.787761
0.788923
0.790089
0.791307
0.792619
0.794046
0.795618
0.797364
0.799329
0.801559
0.804071
0.806904
0.810125
0.8137219999999999
0.817667
0.82206
0.826965
0.832329
0.838136
0.844446
0.851341
0.858858
0.8670679999999999
0.876019
0.885538
0.895522
0.906076
0.917158
0.928646
0.940649
0.953282
0.966253
0.979277
0.992155
1.00453
1.01579
1.02508
1.03187
1.03643
1.03954
1.04202
1.0443
1.04655
1.0488
1.05104
1.05327
1.05561
1.05787
1.05969
1.06113
1.06257
1.06409
1.06554
1.06687
1.06811
1.06926
1.07034
1.07146
1.0727
1.0741
1.07587
1.07837
1.08148
1.08395
0.008795310000000001
0.032861
0.06339019999999999
0.09394760000000001
0.124716
0.155885
0.187563
0.219812
0.252642
0.286036
0.319934
0.35421
0.388716
0.423301
0.457652
0.491396
0.524272
0.55598
0.586176
0.61456
0.640921
0.665071
0.686927
0.70648
0.723769
0.7389019999999999
0.75205
0.763435
0.773259
0.78171
0.788978
0.795235
0.800631
0.805299
0.8093360000000001
0.812824
0.8158530000000001
0.8184900000000001
0.820786
0.8227950000000001
0.824561
0.826121
0.82751
0.828759
0.8299029999999999
0.830989
0.832041
0.833103
0.834218
0.835411
0.836722
0.83819
0.839846
0.841735
0.8439
0.846377
0.849196
0.852339
0.855797
0.8596549999999999
0.863984
0.868777
0.874015
0.879715
0.885943
0.892792
0.900353
0.908646
0.917416
0.926593
0.936369
0.946585
0.957114
0.968153
0.979774
0.991575
1.00334
1.01488
1.0258
1.0355
1.04312
1.04834
1.05152
1.05347
1.05492
1.05624
1.05759
1.05898
1.06039
1.06185
1.06347
1.06501
1.06613
1.06697
1.06789
1.06892
1.0699
1.07082
1.07168
1.07248
1.07327
1.07412
1.07509
1.07625
1.07779
1.07998
1.08264
1.08438
0.0428451
0.0689538
0.0988923
0.128808
0.158924
0.189386
0.220281
0.251647
0.283482
0.315818
0.348618
0.381769
0.415096
0.448462
0.481756
0.514572
0.546679
0.577825
0.607634
0.635931
0.662484
0.687065
0.709543
0.729885
0.748086
0.76419
0.778327
0.790685
0.801448
0.8108
0.818916
0.825951
0.832054
0.837351
0.841952
0.845957
0.849448
0.8524969999999999
0.8551569999999999
0.857487
0.859531
0.86133
0.8629250000000001
0.864353
0.865644
0.866832
0.867965
0.869076
0.870196
0.871367
0.87263
0.87402
0.875575
0.877344
0.879372
0.881683
0.884273
0.887135
0.89029
0.893781
0.897684
0.902066
0.90689
0.912135
0.917859
0.9241780000000001
0.931225
0.938953
0.94708
0.955615
0.964739
0.974206
0.983943
0.9941759999999999
1.00489
1.01566
1.02632
1.03666
1.04629
1.05457
1.06072
1.06454
1.06649
1.06737
1.06785
1.06826
1.06873
1.06927
1.06986
1.07056
1.07146
1.07227
1.0727
1.07294
1.07332
1.07383
1.07435
1.07484
1.07531
1.07575
1.07622
1.07679
1.07749
1.07839
1.07968
1.08161
1.08389
1.08509
0.0393547
0.06291869999999999
0.09473429999999999
0.126516
0.158473
0.190693
0.22325
0.256216
0.289624
0.323493
0.357767
0.392344
0.427058
0.4617
0.496085
0.530012
0.56316
0.595231
0.626034
0.655315
0.68282
0.708394
0.731943
0.753365
0.77262
0.789794
0.805009
0.8184
0.830105
0.840305
0.849206
0.856972
0.863751
0.8696430000000001
0.874767
0.879247
0.883165
0.886581
0.889564
0.892172
0.89445
0.896448
0.8982059999999999
0.89976
0.901136
0.902369
0.903509
0.904594
0.905656
0.90674
0.907881
0.90912
0.910515
0.912104
0.913906
0.915937
0.9182
0.920699
0.923454
0.926517
0.929971
0.933866
0.938179
0.942924
0.948142
0.953921
0.960414
0.967547
0.975061
0.9829830000000001
0.991471
1.00025
1.00929
1.01882
1.02869
1.03854
1.0482
1.05748
1.06594
1.07296
1.07779
1.08037
1.08122
1.08113
1.08071
1.08026
1.07988
1.0796
1.0794
1.07935
1.07952
1.07961
1.07936
1.079
1.07883
1.07883
1.07886
1.07891
1.07898
1.07905
1.07919
1.07947
1.07989
1.08053
1.08156
1.08323
1.08521
1.08602
0.00135592
0.0193558
0.0526467
0.08606999999999999
0.119823
0.153996
0.188678
0.223997
0.260027
0.296762
0.334137
0.372047
0.410358
0.448793
0.487
0.524857
0.5619420000000001
0.5979
0.632567
0.665496
0.696419
0.725154
0.751593
0.7756690000000001
0.797301
0.8165519999999999
0.833581
0.848543
0.861594
0.872918
0.882738
0.891265
0.8986769999999999
0.905112
0.910686
0.915526
0.9197380000000001
0.923393
0.9265640000000001
0.929311
0.93168
0.9337220000000001
0.935476
0.936981
0.938273
0.939385
0.940352
0.941225
0.942049
0.942858
0.943692
0.944598
0.945634
0.946832
0.9482
0.949754
0.951508
0.953471
0.955667
0.9581809999999999
0.9610880000000001
0.964376
0.968054
0.972202
0.97684
0.982044
0.987913
0.994409
1.00133
1.00863
1.01649
1.02463
1.03306
1.04195
1.05106
1.06009
1.06886
1.07719
1.08464
1.09054
1.09421
1.0957
1.09559
1.09462
1.09338
1.09212
1.09095
1.08989
1.08892
1.08816
1.08761
1.08699
1.08608
1.08512
1.0844
1.08388
1.08343
1.08302
1.08267
1.08238
1.08218
1.08215
1.08229
1.08265
1.08343
1.08485
1.0866
1.08716
0.0122374
0.0372284
0.0691325
0.101256
0.133757
0.166762
0.200397
0.234772
0.269948
0.305928
0.342666
0.380072
0.418023
0.45633
0.494704
0.532874
0.570556
0.607414
0.64312
0.677322
0.709727
0.740083
0.768181
0.7939000000000001
0.8171580000000001
0.837967
0.856439
0.872712
0.8869320000000001
0.89928
0.90998
0.919257
0.927307
0.934295
0.940339
0.945565
0.950109
0.954049
0.957457
0.960408
0.962955
0.96514
0.967009
0.968603
0.969954
0.971094
0.972058
0.972898
0.973657
0.974372
0.975089
0.975844
0.976679
0.977623
0.978697
0.979921
0.981316
0.98289
0.984688
0.986798
0.989259
0.992066
0.995247
0.99888
1.00301
1.00771
1.01303
1.01898
1.02538
1.03213
1.03943
1.04705
1.05497
1.0633
1.07178
1.08011
1.08812
1.09565
1.10223
1.10718
1.10989
1.11045
1.1095
1.10776
1.10577
1.10377
1.10187
1.10007
1.09839
1.09693
1.0957
1.09438
1.09281
1.09127
1.09
1.08896
1.08802
1.08716
1.08639
1.08572
1.08518
1.08483
1.08468
1.08476
1.08528
1.08647
1.08803
1.08848
0.0175023
0.0474838
0.07886890000000001
0.110479
0.142441
0.174922
0.208074
0.241994
0.276695
0.312173
0.34841
0.38534
0.422798
0.460631
0.498696
0.536683
0.574311
0.6113
0.647336
0.6821390000000001
0.715385
0.746807
0.776183
0.803332
0.828133
0.850531
0.870569
0.888343
0.903965
0.917608
0.929478
0.9397759999999999
0.948715
0.9564780000000001
0.963207
0.969023
0.97406
0.978427
0.982199
0.985456
0.988263
0.990677
0.992748
0.994515
0.996016
0.997275
0.998332
0.999247
1.00006
1.00081
1.00152
1.00224
1.003
1.00381
1.00472
1.00575
1.00693
1.00827
1.00984
1.01169
1.01384
1.01633
1.01918
1.02243
1.02618
1.03048
1.03537
1.04092
1.04691
1.05323
1.06008
1.06731
1.07487
1.08274
1.09072
1.0985
1.1059
1.11277
1.11865
1.12283
1.12474
1.12455
1.12289
1.12048
1.11782
1.11515
1.11257
1.11009
1.10773
1.10561
1.10373
1.10174
1.09955
1.09743
1.09562
1.09405
1.09262
1.09131
1.09012
1.08907
1.08819
1.08752
1.08706
1.08686
1.08712
1.08806
1.08949
1.08997
0.013276
0.0419987
0.0730045
0.104266
0.135923
0.168178
0.201176
0.235001
0.269652
0.305115
0.341404
0.378484
0.41615
0.454212
0.492592
0.531092
0.569306
0.606977
0.643927
0.679771
0.714179
0.746885
0.777686
0.806436
0.8329490000000001
0.857067
0.878782
0.898182
0.91537
0.930492
0.943711
0.9552040000000001
0.965183
0.973861
0.981411
0.987959
0.993623
0.998537
1.0028
1.00647
1.00963
1.01233
1.01464
1.0166
1.01826
1.01966
1.02083
1.02184
1.02273
1.02352
1.02425
1.02495
1.02565
1.02637
1.02715
1.02803
1.02904
1.03023
1.03162
1.03325
1.03518
1.03744
1.04004
1.043
1.04644
1.05044
1.05503
1.06025
1.06594
1.07195
1.07846
1.08542
1.09273
1.10028
1.10789
1.11525
1.12218
1.12856
1.13388
1.13745
1.13874
1.13793
1.13568
1.13269
1.12945
1.12618
1.12299
1.11989
1.11691
1.11417
1.11166
1.10904
1.10625
1.10357
1.10122
1.09914
1.09722
1.09546
1.09386
1.09242
1.09119
1.09019
1.08942
1.08895
1.08895
1.08964
1.09096
1.09164
0.0133242
0.0418949
0.0725209
0.103446
0.134805
0.16679
0.19954
0.233124
0.26754
0.302774
0.338848
0.375715
0.413221
0.451136
0.48934
0.527755
0.565959
0.6037130000000001
0.640873
0.677037
0.711959
0.745381
0.777035
0.806764
0.834425
0.859843
0.8829129999999999
0.90366
0.922183
0.9386
0.953063
0.965735
0.976784
0.986412
0.994817
1.00215
1.00853
1.01408
1.01891
1.02309
1.0267
1.02979
1.03243
1.03466
1.03654
1.03813
1.03947
1.04063
1.04165
1.04254
1.04334
1.04407
1.04476
1.04545
1.04617
1.04698
1.04791
1.04901
1.05027
1.05176
1.05354
1.05564
1.05806
1.06083
1.06402
1.06778
1.07216
1.07714
1.0826
1.08842
1.09469
1.10146
1.10863
1.11597
1.12333
1.1304
1.13701
1.14301
1.14792
1.15103
1.15185
1.15056
1.14784
1.14436
1.14062
1.13682
1.13309
1.12942
1.12587
1.12256
1.11946
1.11625
1.11288
1.10966
1.10679
1.10421
1.10182
1.09961
1.09759
1.09577
1.09418
1.09285
1.09178
1.09102
1.09076
1.09116
1.0924
1.0935
0.014655
0.043864
0.0743384
0.105146
0.136415
0.168315
0.200981
0.234475
0.268789
0.303886
0.339778
0.376415
0.413648
0.45125
0.4891
0.52716
0.565005
0.602436
0.639335
0.6753130000000001
0.710198
0.743764
0.775705
0.805851
0.834094
0.860281
0.8842680000000001
0.9060009999999999
0.925553
0.943029
0.958548
0.972262
0.984322
0.994889
1.00416
1.0123
1.01944
1.02567
1.03112
1.03587
1.04
1.04356
1.04662
1.04922
1.0514
1.05323
1.05478
1.05613
1.05732
1.05835
1.05925
1.06005
1.06078
1.0615
1.06223
1.06301
1.06391
1.06495
1.06615
1.06757
1.06925
1.07125
1.07356
1.07619
1.07922
1.08281
1.08703
1.09183
1.09713
1.10283
1.10896
1.11562
1.12271
1.12993
1.13714
1.14404
1.15043
1.15619
1.16081
1.1636
1.16408
1.16242
1.15932
1.15545
1.15128
1.14703
1.14282
1.13865
1.13458
1.13074
1.1271
1.12333
1.11942
1.11568
1.11231
1.10924
1.10638
1.10373
1.10131
1.0991
1.09716
1.09549
1.09412
1.09308
1.09252
1.09264
1.09381
1.09558
0.0164911
0.0470333
0.077763
0.10885
0.140403
0.172566
0.205472
0.239185
0.273662
0.308832
0.344697
0.381199
0.418175
0.455413
0.492806
0.530316
0.5675559999999999
0.604363
0.640622
0.675994
0.710365
0.743543
0.775239
0.805279
0.833576
0.859982
0.884375
0.906659
0.926847
0.945035
0.961325
0.975846
0.988743
1.00015
1.01023
1.01915
1.02704
1.03399
1.04011
1.04549
1.0502
1.05429
1.05783
1.06086
1.06342
1.06557
1.06739
1.06897
1.07037
1.07158
1.07261
1.07352
1.07435
1.07513
1.0759
1.0767
1.07758
1.07859
1.07977
1.08116
1.08279
1.08472
1.08696
1.0895
1.09242
1.09591
1.09999
1.10464
1.10983
1.11546
1.12151
1.12811
1.13516
1.14234
1.14948
1.1563
1.16257
1.16818
1.17261
1.17519
1.17542
1.17351
1.17012
1.16593
1.1614
1.15677
1.15214
1.14754
1.143
1.13869
1.13454
1.13025
1.12583
1.1216
1.11775
1.11421
1.1109
1.10782
1.10499
1.10241
1.10011
1.09812
1.09644
1.09511
1.09426
1.09409
1.09507
1.09785
0.0160962
0.047202
0.0786414
0.110448
0.142718
0.175599
0.209217
0.243599
0.278641
0.314282
0.350526
0.387268
0.42437
0.461581
0.498736
0.535843
0.572601
0.608847
0.644419
0.679074
0.712757
0.74529
0.77645
0.806048
0.834003
0.860219
0.884589
0.9070319999999999
0.927505
0.946067
0.962829
0.977903
0.991415
1.00349
1.01425
1.02384
1.03242
1.04007
1.04687
1.05291
1.05824
1.0629
1.06696
1.07046
1.07345
1.07598
1.07812
1.07998
1.08161
1.083
1.0842
1.08525
1.08618
1.08704
1.08786
1.08868
1.08956
1.09056
1.09172
1.09309
1.09468
1.09654
1.09873
1.10118
1.10404
1.10745
1.11142
1.11593
1.12102
1.12661
1.13263
1.1392
1.14623
1.1534
1.16053
1.16733
1.17355
1.17907
1.1834
1.18585
1.18594
1.18384
1.18023
1.17579
1.17098
1.16603
1.16104
1.15605
1.1511
1.14636
1.14175
1.13699
1.1321
1.1274
1.12309
1.1191
1.11535
1.11186
1.10863
1.10567
1.10303
1.10072
1.09874
1.09712
1.09597
1.09552
1.09617
1.09924
0.0157169
0.0475007
0.07981050000000001
0.112494
0.145648
0.179422
0.213919
0.249127
0.284904
0.3212
0.35799
0.395134
0.432499
0.469831
0.506896
0.543692
0.580037
0.615736
0.650616
0.684526
0.7174160000000001
0.749129
0.779536
0.8084519999999999
0.835781
0.861491
0.8855
0.907755
0.92821
0.946868
0.963828
0.979207
0.993109
1.00566
1.01694
1.02708
1.03623
1.04448
1.0519
1.05857
1.06452
1.06979
1.07442
1.07844
1.08189
1.08483
1.08733
1.08951
1.09144
1.09307
1.09446
1.09566
1.0967
1.09764
1.09851
1.09936
1.10026
1.10127
1.10242
1.10376
1.10531
1.10711
1.10922
1.11162
1.11441
1.11775
1.12162
1.12602
1.13102
1.13656
1.14255
1.14912
1.15613
1.16331
1.17047
1.17729
1.1835
1.18899
1.19327
1.19565
1.19565
1.19343
1.18967
1.18504
1.18
1.17478
1.1695
1.16417
1.15886
1.15374
1.14871
1.14352
1.13819
1.13306
1.12831
1.12389
1.11972
1.11583
1.11222
1.1089
1.10592
1.1033
1.10102
1.09911
1.09767
1.09692
1.09718
1.09927
0.0158688
0.0482912
0.0815794
0.115249
0.149394
0.18416
0.219636
0.255761
0.292372
0.329423
0.366843
0.404467
0.442144
0.479649
0.516684
0.5532049999999999
0.589149
0.624285
0.658461
0.691601
0.7236399999999999
0.754458
0.78398
0.812073
0.838633
0.863643
0.887072
0.908881
0.929053
0.947581
0.964519
0.979986
0.9940870000000001
1.00693
1.01861
1.0292
1.03882
1.0476
1.05557
1.06279
1.06933
1.07519
1.0804
1.08497
1.08893
1.09232
1.09521
1.09777
1.10003
1.10196
1.10359
1.10496
1.10614
1.10716
1.10809
1.10899
1.10993
1.11095
1.1121
1.11342
1.11494
1.11667
1.11869
1.12105
1.1238
1.12705
1.13084
1.13513
1.14004
1.14552
1.1515
1.15805
1.16506
1.17226
1.17946
1.18631
1.19254
1.19804
1.20231
1.20467
1.20463
1.20234
1.19847
1.1937
1.18847
1.18304
1.1775
1.17188
1.16627
1.1608
1.1554
1.14981
1.14409
1.13855
1.13339
1.12857
1.124
1.11972
1.11574
1.11208
1.10877
1.10584
1.10326
1.10107
1.09934
1.0983
1.09815
1.09909
0.0162408
0.0495196
0.0837816
0.118434
0.153566
0.18932
0.225777
0.262829
0.300289
0.338108
0.376187
0.414327
0.452354
0.490072
0.527124
0.563432
0.59903
0.633656
0.667176
0.699582
0.730796
0.760729
0.789338
0.816565
0.8423040000000001
0.866527
0.889258
0.910479
0.930188
0.948399
0.965143
0.9805160000000001
0.994641
1.00761
1.01953
1.03045
1.04046
1.04968
1.05815
1.0659
1.07298
1.07941
1.08518
1.09029
1.09476
1.09863
1.10197
1.10495
1.10759
1.10983
1.11173
1.11332
1.11465
1.11579
1.1168
1.11776
1.11876
1.11981
1.12095
1.12225
1.12375
1.12542
1.12736
1.12966
1.13236
1.13554
1.13924
1.14346
1.14827
1.15368
1.15964
1.16619
1.17317
1.18039
1.18764
1.19454
1.2008
1.20633
1.21061
1.21297
1.21293
1.2106
1.20667
1.20178
1.19641
1.1908
1.18505
1.17919
1.1733
1.16753
1.16181
1.15586
1.14977
1.14387
1.13833
1.13312
1.12818
1.12353
1.11919
1.11519
1.11157
1.10833
1.10547
1.103
1.101
1.09965
1.0991
1.0992
0.0188742
0.0535042
0.0886638
0.124233
0.160277
0.196911
0.234217
0.272092
0.310307
0.34875
0.387336
0.425849
0.464102
0.501872
0.538802
0.574838
0.610013
0.644075
0.67691
0.708533
0.738892
0.767913
0.795584
0.821888
0.846739
0.870121
0.892087
0.912631
0.931765
0.949524
0.965932
0.981073
0.99508
1.00805
1.02007
1.03119
1.04148
1.05105
1.05994
1.06816
1.07574
1.08269
1.089
1.09464
1.09962
1.10396
1.10777
1.11122
1.11427
1.11686
1.11904
1.12087
1.12239
1.12368
1.12481
1.12587
1.12692
1.128
1.12914
1.13043
1.1319
1.13354
1.13542
1.13763
1.14029
1.1434
1.14702
1.15115
1.15586
1.1612
1.16713
1.17366
1.18062
1.18784
1.19513
1.20208
1.20838
1.21394
1.21825
1.22063
1.22061
1.21827
1.21429
1.20933
1.20384
1.19808
1.19216
1.18609
1.17997
1.17394
1.16792
1.16166
1.15523
1.14899
1.1431
1.13753
1.13224
1.12724
1.12257
1.11824
1.11431
1.11078
1.10764
1.1049
1.10263
1.10098
1.10004
1.0995
0.0211604
0.0570161
0.0931135
0.129625
0.166602
0.204129
0.242297
0.281016
0.320001
0.35909
0.398206
0.437129
0.475645
0.513512
0.5503749999999999
0.586186
0.62099
0.654544
0.686752
0.717661
0.747231
0.775412
0.802216
0.8276520000000001
0.8516629999999999
0.874244
0.8954569999999999
0.9153210000000001
0.933864
0.951126
0.967143
0.981986
0.995783
1.00864
1.02066
1.03188
1.04237
1.05221
1.06143
1.07005
1.07807
1.08548
1.09228
1.09844
1.10392
1.10872
1.11299
1.11691
1.12041
1.12336
1.12584
1.12791
1.12965
1.13111
1.13237
1.13354
1.13465
1.13575
1.1369
1.13817
1.1396
1.14121
1.14303
1.14517
1.14775
1.1508
1.15433
1.15836
1.16297
1.16822
1.17411
1.18059
1.18753
1.19473
1.20204
1.20903
1.21538
1.22096
1.22531
1.22772
1.22772
1.22539
1.22138
1.21636
1.21078
1.20491
1.19883
1.19259
1.18626
1.18
1.17373
1.16718
1.16046
1.15391
1.1477
1.1418
1.13617
1.13084
1.12585
1.12122
1.117
1.11318
1.10978
1.10678
1.10424
1.10229
1.10097
1.0999
0.0188331
0.0545457
0.0915535
0.128956
0.166845
0.205339
0.244487
0.284111
0.323971
0.363971
0.403938
0.443617
0.482762
0.521149
0.558447
0.594472
0.6293260000000001
0.662783
0.694742
0.725326
0.754444
0.782076
0.80827
0.833073
0.856483
0.878477
0.899102
0.918422
0.936483
0.953336
0.969035
0.983635
0.997235
1.00995
1.02189
1.03313
1.04372
1.05371
1.06318
1.07209
1.08047
1.0883
1.09553
1.10215
1.10809
1.11334
1.11803
1.1224
1.12635
1.12969
1.13248
1.13479
1.13673
1.13836
1.13975
1.141
1.14215
1.14328
1.14443
1.14567
1.14705
1.1486
1.15035
1.1524
1.15489
1.15787
1.16131
1.16521
1.1697
1.17486
1.18066
1.18708
1.19399
1.20117
1.20846
1.21547
1.22187
1.22747
1.23184
1.23428
1.23431
1.232
1.22797
1.22291
1.21726
1.21128
1.20509
1.1987
1.19219
1.18573
1.17923
1.17243
1.16544
1.15861
1.1521
1.1459
1.13997
1.13433
1.12904
1.12411
1.11961
1.11553
1.11186
1.10862
1.10582
1.10358
1.1019
1.10037
0.0179961
0.0542793
0.0918731
0.129868
0.168362
0.207497
0.247308
0.287548
0.328007
0.368625
0.409175
0.449377
0.488964
0.527721
0.565324
0.601515
0.636433
0.669832
0.701612
0.7319600000000001
0.760742
0.787959
0.813684
0.83799
0.860915
0.882439
0.902593
0.921473
0.939137
0.955645
0.971068
0.985465
0.99891
1.01152
1.0234
1.03465
1.0453
1.05539
1.06502
1.07416
1.08283
1.09099
1.0986
1.10563
1.11199
1.11764
1.12272
1.12751
1.13192
1.13568
1.13881
1.1414
1.14354
1.14533
1.14686
1.14818
1.14938
1.15053
1.15169
1.1529
1.15424
1.15573
1.1574
1.15936
1.16174
1.16463
1.16797
1.17174
1.1761
1.18114
1.18685
1.19319
1.20005
1.20719
1.21444
1.22147
1.2279
1.23352
1.23791
1.24038
1.24044
1.23814
1.23411
1.229
1.22329
1.21723
1.21093
1.20442
1.19776
1.19113
1.18442
1.1774
1.17018
1.16309
1.15632
1.14984
1.14362
1.1377
1.13212
1.12692
1.12216
1.11782
1.11391
1.11042
1.10739
1.10487
1.10282
1.10086
0.0187406
0.0559973
0.0940579
0.132527
0.17149
0.211089
0.251369
0.292069
0.332956
0.373966
0.414872
0.455382
0.495204
0.53413
0.571839
0.6080449999999999
0.642881
0.676137
0.707718
0.737799
0.766252
0.793093
0.818408
0.842282
0.864769
0.885875
0.90563
0.924122
0.941432
0.957629
0.97279
0.986995
1.00031
1.01284
1.02469
1.03596
1.04668
1.05691
1.06669
1.07604
1.08495
1.09339
1.10132
1.1087
1.11543
1.12146
1.12694
1.13216
1.137
1.14117
1.14465
1.14754
1.14991
1.15188
1.15354
1.15496
1.15622
1.15741
1.15858
1.15978
1.16107
1.16251
1.16412
1.16598
1.16827
1.17106
1.1743
1.17794
1.18216
1.18709
1.19269
1.19894
1.20573
1.21283
1.22003
1.22705
1.23352
1.23915
1.24355
1.24604
1.24612
1.24385
1.23981
1.23468
1.22891
1.22278
1.21639
1.20976
1.20298
1.1962
1.18932
1.1821
1.17466
1.16735
1.16034
1.1536
1.14712
1.14094
1.1351
1.12964
1.12462
1.12005
1.1159
1.11219
1.10893
1.10614
1.10373
1.10135
0.0183794
0.0558627
0.0942856
0.133122
0.172465
0.212462
0.253161
0.294256
0.335525
0.37694
0.418232
0.459089
0.499212
0.53838
0.576309
0.612653
0.647499
0.680736
0.712265
0.742221
0.770482
0.797075
0.822102
0.845665
0.86783
0.888637
0.908106
0.926315
0.943374
0.959356
0.974343
0.98842
1.00165
1.01411
1.02593
1.0372
1.04798
1.0583
1.06822
1.07775
1.08688
1.09557
1.10379
1.11148
1.11854
1.12493
1.13076
1.13639
1.14167
1.14623
1.15006
1.15325
1.15587
1.15802
1.15981
1.16134
1.16268
1.16391
1.16509
1.16628
1.16754
1.16893
1.17048
1.17227
1.17446
1.17715
1.18029
1.18382
1.1879
1.1927
1.1982
1.20434
1.21104
1.21811
1.22525
1.23225
1.23873
1.24437
1.24879
1.2513
1.25141
1.24915
1.24511
1.23995
1.23414
1.22794
1.22147
1.21475
1.20786
1.20094
1.19391
1.18652
1.1789
1.17138
1.16415
1.15719
1.15047
1.14405
1.13797
1.13227
1.12701
1.12221
1.11784
1.11392
1.11045
1.10741
1.10465
1.10182
0.0194815
0.0577175
0.096369
0.135453
0.175043
0.215278
0.256216
0.297543
0.339034
0.380641
0.422095
0.463083
0.503304
0.542527
0.580471
0.616778
0.651532
0.684642
0.716012
0.745774
0.773806
0.8001549999999999
0.824926
0.8482189999999999
0.870116
0.890673
0.909917
0.927917
0.944792
0.960619
0.975479
0.989459
1.00263
1.01507
1.02689
1.03819
1.04902
1.05943
1.06946
1.07914
1.08846
1.09738
1.10587
1.11384
1.12121
1.12793
1.1341
1.14012
1.14583
1.15079
1.15498
1.15847
1.16135
1.1637
1.16563
1.16727
1.1687
1.16999
1.1712
1.17239
1.17362
1.17497
1.17648
1.17821
1.18031
1.18289
1.18592
1.18934
1.1933
1.19797
1.20335
1.20938
1.21601
1.22302
1.23012
1.23708
1.24357
1.24922
1.25364
1.25617
1.25631
1.25408
1.25003
1.24484
1.23899
1.23274
1.2262
1.2194
1.2124
1.20537
1.19821
1.19067
1.18288
1.17519
1.16777
1.1606
1.15367
1.14702
1.14071
1.13479
1.12932
1.1243
1.11973
1.11562
1.11194
1.10867
1.10557
1.10224
0.0187595
0.05641
0.09533460000000001
0.134699
0.174585
0.21514
0.256379
0.298016
0.339856
0.381815
0.423613
0.464922
0.505419
0.54486
0.58303
0.619507
0.654297
0.6874209999999999
0.718788
0.748434
0.776295
0.802498
0.827095
0.850172
0.871843
0.892178
0.911232
0.9290580000000001
0.945759
0.961441
0.9761879999999999
0.990093
1.00324
1.0157
1.02757
1.03893
1.04985
1.06037
1.07053
1.08037
1.08987
1.099
1.10772
1.11595
1.1236
1.13063
1.13709
1.14348
1.14962
1.15494
1.15948
1.16328
1.16642
1.16898
1.17107
1.17281
1.17432
1.17567
1.17692
1.17812
1.17933
1.18064
1.18212
1.18379
1.1858
1.18827
1.19119
1.19452
1.19836
1.2029
1.20816
1.21409
1.22063
1.22758
1.23463
1.24156
1.24805
1.25371
1.25813
1.26068
1.26084
1.25863
1.25458
1.24937
1.24348
1.23718
1.23058
1.2237
1.21663
1.2095
1.20222
1.19456
1.18662
1.17877
1.17118
1.16383
1.1567
1.14986
1.14334
1.13722
1.13155
1.12633
1.12157
1.11728
1.11341
1.10993
1.1065
1.10258
0.0192691
0.0569959
0.0960164
0.135482
0.175469
0.216137
0.257509
0.299282
0.341255
0.383361
0.425309
0.466758
0.5073800000000001
0.546923
0.58519
0.621731
0.656514
0.689618
0.720949
0.750494
0.778216
0.804291
0.8287330000000001
0.851619
0.873091
0.8932290000000001
0.9121089999999999
0.929777
0.946326
0.961887
0.9765470000000001
0.9903960000000001
1.00352
1.01599
1.02788
1.0393
1.05032
1.06097
1.07129
1.0813
1.09098
1.1003
1.10924
1.1177
1.12562
1.13293
1.13965
1.14637
1.15292
1.15863
1.16352
1.16763
1.17103
1.17381
1.17606
1.17793
1.17954
1.18094
1.18224
1.18345
1.18465
1.18595
1.18738
1.189
1.19093
1.19329
1.19611
1.19934
1.20308
1.20749
1.21264
1.21847
1.2249
1.2318
1.2388
1.24568
1.25218
1.25784
1.26226
1.26483
1.26502
1.26283
1.25878
1.25355
1.24763
1.24128
1.23463
1.22769
1.22054
1.21333
1.20595
1.19817
1.19011
1.18212
1.17439
1.16687
1.15957
1.15255
1.14585
1.13954
1.13368
1.12828
1.12335
1.11888
1.11484
1.11119
1.10745
1.10282
1.17151
1.17518
1.17818
1.18061
1.18263
1.18433
1.1858
1.18714
1.18838
1.18959
1.19087
1.19227
1.19384
1.1957
1.19797
1.20069
1.20382
1.20747
1.21176
1.21679
1.22251
1.22885
1.23567
1.24264
1.24948
1.25596
1.26163
1.26606
1.26864
1.26885
1.26669
1.26264
1.2574
1.25144
1.24506
1.23835
1.23136
1.22415
1.21686
1.2094
1.20153
1.19337
1.18526
1.17739
1.16974
1.16229
1.1551
1.14824
1.14175
1.13573
1.13016
1.12507
1.12044
1.11624
1.11246
1.10846
1.10292
1.17898
1.18219
1.18481
1.18697
1.18877
1.19032
1.19169
1.19295
1.19417
1.19543
1.19681
1.19834
1.20013
1.20231
1.20492
1.20796
1.21152
1.21571
1.22062
1.22623
1.23247
1.23922
1.24615
1.25295
1.25942
1.26509
1.26952
1.27211
1.27235
1.27022
1.26618
1.26092
1.25494
1.24852
1.24177
1.23473
1.22747
1.22012
1.21259
1.20464
1.19639
1.18818
1.1802
1.17242
1.16484
1.15751
1.1505
1.14386
1.13768
1.13197
1.12673
1.12195
1.11763
1.11374
1.10955
1.10284
1.1858
1.18861
1.19092
1.19283
1.19446
1.19587
1.19716
1.19839
1.19965
1.201
1.20249
1.20423
1.20633
1.20884
1.21179
1.21526
1.21936
1.22413
1.22963
1.23578
1.24245
1.24933
1.2561
1.26255
1.26822
1.27266
1.27527
1.27554
1.27343
1.2694
1.26413
1.25812
1.25167
1.24489
1.23781
1.2305
1.2231
1.21552
1.20751
1.19918
1.19089
1.18281
1.17493
1.16723
1.15978
1.15264
1.14586
1.13955
1.1337
1.12832
1.12342
1.11898
1.115
1.11073
1.10316
1.19209
1.19454
1.19657
1.19827
1.19974
1.20105
1.20229
1.20354
1.20486
1.20632
1.20801
1.21003
1.21244
1.2153
1.21868
1.22268
1.22734
1.23272
1.23878
1.24537
1.2522
1.25894
1.26536
1.27104
1.27549
1.27811
1.27842
1.27634
1.27232
1.26704
1.26102
1.25454
1.24772
1.24061
1.23327
1.22583
1.2182
1.21014
1.20176
1.19339
1.18523
1.17727
1.16947
1.16192
1.15466
1.14776
1.14133
1.13536
1.12986
1.12484
1.12031
1.11624
1.11198
1.10484
1.21573
1.21849
1.2218
1.22568
1.23024
1.23551
1.24148
1.24799
1.25476
1.26146
1.26786
1.27355
1.27801
1.28066
1.281
1.27895
1.27494
1.26967
1.26362
1.25712
1.25029
1.24315
1.23577
1.22831
1.22064
1.21255
1.20412
1.1957
1.18748
1.17944
1.17157
1.16392
1.15656
1.14956
1.14302
1.13694
1.13133
1.12621
1.12159
1.11746
1.11326
1.10717
1.22138
1.22461
1.22839
1.23285
1.23801
1.24388
1.25031
1.25702
1.26369
1.27007
1.27576
1.28023
1.28291
1.28329
1.28127
1.27728
1.272
1.26595
1.25943
1.25257
1.24542
1.23803
1.23054
1.22285
1.21473
1.20627
1.19781
1.18954
1.18144
1.17351
1.16578
1.15835
1.15126
1.14462
1.13845
1.13274
1.12753
1.12284
1.11866
1.11452
1.10915
1.22712
1.23081
1.23516
1.24021
1.24599
1.25234
1.25899
1.26563
1.272
1.27769
1.28218
1.28487
1.28529
1.28331
1.27934
1.27407
1.268
1.26147
1.2546
1.24743
1.24003
1.23253
1.22483
1.21669
1.20821
1.19973
1.19142
1.18328
1.1753
1.16752
1.16001
1.15285
1.14613
1.13988
1.13409
1.1288
1.12404
1.11982
1.11577
1.1109
1.23718
1.24213
1.24781
1.25409
1.26067
1.26728
1.27363
1.27933
1.28383
1.28656
1.28701
1.28506
1.28112
1.27586
1.26979
1.26325
1.25638
1.2492
1.2418
1.23429
1.22658
1.21845
1.20996
1.20146
1.19313
1.18496
1.17694
1.16912
1.16156
1.15433
1.14756
1.14123
1.13536
1.13001
1.1252
1.12096
1.11698
1.11248
1.24934
1.25554
1.26207
1.26864
1.27498
1.28069
1.28521
1.28796
1.28845
1.28656
1.28264
1.27739
1.27133
1.26479
1.25791
1.25074
1.24333
1.23583
1.22813
1.22
1.21152
1.20301
1.19467
1.18649
1.17845
1.17059
1.16299
1.15572
1.14889
1.14251
1.13658
1.13116
1.12631
1.12206
1.11815
1.11394
1.25059
1.25673
1.26319
1.26973
1.27606
1.28177
1.28632
1.2891
1.28964
1.28779
1.28391
1.27868
1.27262
1.26608
1.25921
1.25204
1.24465
1.23715
1.22947
1.22136
1.21289
1.20439
1.19605
1.18787
1.17981
1.17194
1.16431
1.15701
1.15014
1.14371
1.13772
1.13226
1.12737
1.12312
1.11928
1.1153
1.25158
1.25764
1.26405
1.27056
1.27687
1.28259
1.28717
1.28998
1.29057
1.28877
1.28493
1.27971
1.27367
1.26714
1.26028
1.25312
1.24575
1.23827
1.23062
1.22253
1.21408
1.20561
1.19728
1.1891
1.18105
1.17317
1.16552
1.1582
1.1513
1.14483
1.13881
1.13331
1.12839
1.12413
1.12037
1.11657
1.25231
1.2583
1.26466
1.27113
1.27743
1.28316
1.28776
1.2906
1.29125
1.28951
1.28571
1.28052
1.27449
1.26797
1.26113
1.25399
1.24664
1.23919
1.23157
1.22352
1.21511
1.20666
1.19835
1.19019
1.18215
1.17427
1.16663
1.15929
1.15237
1.14588
1.13982
1.13429
1.12936
1.1251
1.1214
1.11776
1.25279
1.25871
1.26502
1.27145
1.27774
1.28348
1.2881
1.29099
1.29169
1.29001
1.28625
1.28109
1.27508
1.26859
1.26176
1.25466
1.24734
1.23993
1.23234
1.22433
1.21597
1.20756
1.19928
1.19115
1.18313
1.17527
1.16763
1.16029
1.15337
1.14685
1.14077
1.13522
1.13028
1.12603
1.12239
1.11888
1.21667
1.20831
1.20008
1.19198
1.18399
1.17615
1.16853
1.1612
1.15428
1.14775
1.14166
1.1361
1.13114
1.12691
1.12333
1.11994
)
;

boundaryField
{
    b2-symmetry1
    {
        type            symmetry;
    }
    b3-symmetry2
    {
        type            symmetry;
    }
    b4-inlet
    {
        type            zeroGradient;
    }
    b5-outlet
    {
        type            zeroGradient;
    }
    b6-humpWall
    {
        type            zeroGradient;
    }
    b7-topWall
    {
        type            zeroGradient;
    }
    procBoundary2to3
    {
        type            processor;
        value           nonuniform List<scalar> 
122
(
0.0197079
0.0579507
0.0971278
0.136743
0.176874
0.217688
0.2592
0.301097
0.343186
0.3854
0.427431
0.468935
0.509587
0.549132
0.587363
0.623854
0.658556
0.691547
0.722743
0.75212
0.779668
0.805559
0.829823
0.852529
0.873813
0.893774
0.9124949999999999
0.930032
0.946469
0.961929
0.976517
0.990323
1.00344
1.01593
1.02787
1.03936
1.05048
1.06126
1.07171
1.08187
1.09172
1.10124
1.11039
1.11909
1.12726
1.13481
1.14179
1.14883
1.15574
1.16183
1.16708
1.16708
1.17505
1.17505
1.18236
1.18236
1.18909
1.18909
1.19522
1.19783
1.19997
1.20175
1.20327
1.20462
1.20587
1.2071
1.20838
1.20981
1.21148
1.21343
1.21343
1.21871
1.21871
1.22398
1.22398
1.22933
1.23293
1.23293
1.23891
1.24376
1.24376
1.2451
1.24618
1.24699
1.24756
1.25303
1.25888
1.26513
1.27153
1.2778
1.28356
1.2882
1.29113
1.2919
1.29028
1.28657
1.28144
1.27546
1.26899
1.2622
1.25513
1.24785
1.24048
1.23294
1.22499
1.22499
1.21723
1.20892
1.20074
1.19269
1.18474
1.17693
1.16934
1.16203
1.15511
1.14858
1.14249
1.13692
1.13196
1.12775
1.12422
1.12094
)
;
    }
}


// ************************************************************************* //
