/*--------------------------------*- C++ -*----------------------------------*\
| =========                 |                                                 |
| \\      /  F ield         | OpenFOAM: The Open Source CFD Toolbox           |
|  \\    /   O peration     | Version:  v1812                                 |
|   \\  /    A nd           | Web:      www.OpenFOAM.com                      |
|    \\/     M anipulation  |                                                 |
\*---------------------------------------------------------------------------*/
FoamFile
{
    version     2.0;
    format      ascii;
    class       volScalarField;
    location    "0";
    object      profileRefFieldInversion;
}
// * * * * * * * * * * * * * * * * * * * * * * * * * * * * * * * * * * * * * //

dimensions      [0 0 0 0 0 0 0];


internalField   nonuniform List<scalar> 
10965
(
0.853403
0.9058389999999999
0.953485
0.99597
1.02902
1.05119
1.06341
1.06842
1.07044
1.07181
1.07322
1.07465
1.07578
1.07657
1.07734
1.07827
1.07927
1.08022
1.08115
1.08214
1.0832
1.08433
1.08571
1.08762
1.09015
1.09204
0.590794
0.660564
0.730316
0.795002
0.853096
0.905295
0.952738
0.995093
1.02805
1.05018
1.0624
1.06745
1.06953
1.07095
1.07241
1.07389
1.07506
1.07589
1.0767
1.07767
1.0787
1.07968
1.08064
1.08165
1.08274
1.0839
1.08532
1.08731
1.08997
1.0921
0.526436
0.593181
0.662208
0.73125
0.795164
0.852839
0.904826
0.9520380000000001
0.994255
1.02711
1.04919
1.0614
1.06649
1.06862
1.0701
1.07161
1.07313
1.07434
1.07521
1.07606
1.07707
1.07812
1.07914
1.08012
1.08117
1.08228
1.08347
1.08494
1.087
1.08981
1.09219
0.466685
0.52964
0.5955279999999999
0.6638810000000001
0.732243
0.795382
0.852595
0.904363
0.951375
0.993436
1.02619
1.0482
1.06041
1.06553
1.06772
1.06925
1.07082
1.07238
1.07363
1.07454
1.07542
1.07647
1.07756
1.07859
1.07961
1.08068
1.08182
1.08304
1.08455
1.0867
1.08966
1.09231
0.412862
0.470303
0.532649
0.597755
0.665527
0.733209
0.795591
0.852326
0.903864
0.950735
0.992615
1.02528
1.04723
1.05943
1.06459
1.06683
1.06841
1.07003
1.07164
1.07293
1.07387
1.07479
1.07587
1.07699
1.07805
1.07909
1.08019
1.08135
1.0826
1.08416
1.08639
1.08951
1.09247
0.365997
0.416851
0.473872
0.535501
0.599895
0.667165
0.734142
0.795797
0.852064
0.903365
0.950117
0.991793
1.02437
1.04626
1.05844
1.06365
1.06594
1.06758
1.06924
1.0709
1.07222
1.0732
1.07416
1.07527
1.07642
1.07751
1.07858
1.0797
1.08089
1.08217
1.08377
1.08608
1.08938
1.09266
0.324851
0.370229
0.420944
0.477522
0.538247
0.6019910000000001
0.668797
0.735007
0.795992
0.851834
0.902905
0.9495170000000001
0.990973
1.02347
1.0453
1.05746
1.06272
1.06506
1.06675
1.06846
1.07016
1.07152
1.07254
1.07353
1.07467
1.07585
1.07697
1.07806
1.0792
1.08042
1.08173
1.08338
1.08578
1.08925
1.09291
-0.00224536
-0.00668063
-0.0110112
-0.0151848
-0.0192175
-0.0231833
-0.0270393
-0.0307616
-0.0343804
-0.0378976
-0.041294
-0.0445524
-0.0476598
-0.0506082
-0.0533944
-0.0560194
-0.0584547
0.329185
0.374436
0.42513
0.481245
0.540967
0.604074
0.670425
0.735866
0.796194
0.85163
0.9024759999999999
0.948913
0.990159
1.02257
1.04435
1.05648
1.06179
1.06418
1.06592
1.06769
1.06942
1.07082
1.07187
1.0729
1.07408
1.07528
1.07643
1.07754
1.07871
1.07995
1.08129
1.08298
1.08547
1.08914
1.0932
-0.00213767
-0.00635749
-0.0104717
-0.0144277
-0.0182407
-0.0219832
-0.0256133
-0.029108
-0.0324975
-0.0357845
-0.0389511
-0.0419821
-0.0448664
-0.0475975
-0.0501733
-0.0525957
-0.0548385
-0.0569048
0.333565
0.378648
0.429346
0.484975
0.54373
0.606151
0.672037
0.736802
0.796463
0.851438
0.902033
0.948287
0.989354
1.02169
1.0434
1.0555
1.06086
1.06331
1.0651
1.06691
1.06869
1.07012
1.07121
1.07227
1.07348
1.07471
1.07589
1.07702
1.07821
1.07947
1.08084
1.08259
1.08517
1.08904
1.09354
-0.00203192
-0.00603953
-0.009939460000000001
-0.0136784
-0.0172716
-0.0207905
-0.024194
-0.0274611
-0.0306218
-0.0336796
-0.0366186
-0.0394253
-0.0420902
-0.0446083
-0.0469785
-0.049203
-0.0512581
-0.0531469
-0.0548759
0.297411
0.337978
0.382851
0.433428
0.48851
0.5464560000000001
0.608227
0.6736
0.737723
0.796743
0.8512380000000001
0.901563
0.947644
0.988553
1.02081
1.04244
1.05451
1.05995
1.06245
1.06428
1.06614
1.06796
1.06943
1.07055
1.07165
1.07288
1.07414
1.07534
1.0765
1.07771
1.079
1.0804
1.08219
1.08486
1.08895
1.09395
-0.0019106
-0.00567697
-0.00933786
-0.0128415
-0.0162025
-0.0194893
-0.0226627
-0.0257027
-0.0286385
-0.0314737
-0.0341938
-0.0367867
-0.0392441
-0.0415621
-0.0437401
-0.0457803
-0.0476608
-0.0493842
-0.0509572
-0.052373
-0.0536394
-0.0547512
-0.05571
-0.0565193
-0.0571819
-0.0576962
-0.0580633
-0.0582871
-0.0583682
-0.0583059
-0.0580974
-0.0577377
-0.0572197
-0.0565367
-0.0556832
-0.0546558
-0.0534554
-0.0520853
-0.0505506
-0.0488651
-0.0470457
-0.0450933
-0.0429897
-0.0407059
-0.0382097
-0.0354755
-0.0324936
-0.0291855
-0.025497
-0.021463
-0.0170773
-0.0122788
-0.00701306
-0.00128882
0.00485847
0.0113885
0.0182194
0.0254048
0.0331597
0.0416132
0.0507796
0.0608408
0.07191549999999999
0.0842577
0.09818399999999999
0.113917
0.131867
0.152424
0.175988
0.20296
0.232963
0.265696
0.302191
0.342444
0.386991
0.437242
0.491832
0.549171
0.610318
0.675095
0.738553
0.796966
0.8510219999999999
0.901103
0.947009
0.987753
1.01993
1.04147
1.05353
1.05903
1.06158
1.06346
1.06537
1.06723
1.06873
1.06988
1.07102
1.07228
1.07357
1.0748
1.07598
1.07721
1.07852
1.07995
1.08178
1.08456
1.08887
1.09443
-0.00181619
-0.00539319
-0.00886291
-0.0121732
-0.0153386
-0.0184274
-0.021401
-0.0242413
-0.0269774
-0.0296136
-0.0321362
-0.0345343
-0.0368006
-0.0389312
-0.0409261
-0.0427872
-0.0444945
-0.0460507
-0.0474625
-0.048724
-0.0498431
-0.0508152
-0.0516421
-0.052327
-0.0528713
-0.0532721
-0.0535281
-0.0536415
-0.0536117
-0.0534371
-0.0531148
-0.0526391
-0.0520048
-0.0512121
-0.0502614
-0.0491519
-0.0478815
-0.0464492
-0.0448578
-0.0431126
-0.0412219
-0.0391926
-0.037013
-0.0346562
-0.0321017
-0.0293351
-0.026346
-0.0230504
-0.0193545
-0.0152592
-0.0107681
-0.00587475
-0.000587891
0.00506743
0.011042
0.0172817
0.0238265
0.0308645
0.0385698
0.0471056
0.0564775
0.0666028
0.0775057
0.0895885
0.10345
0.119451
0.137581
0.157938
0.181164
0.207915
0.23786
0.270742
0.307134
0.347007
0.39121
0.441022
0.495173
0.551996
0.612486
0.676557
0.739362
0.797192
0.850823
0.900676
0.946379
0.986939
1.01902
1.04049
1.05255
1.05812
1.06072
1.06265
1.0646
1.0665
1.06803
1.06922
1.07039
1.07169
1.073
1.07425
1.07545
1.07671
1.07804
1.07949
1.08137
1.08425
1.0888
1.09499
-0.00172764
-0.00512582
-0.00841249
-0.0115343
-0.014506
-0.0173965
-0.0201687
-0.0228069
-0.0253414
-0.0277773
-0.0301031
-0.0323093
-0.0343898
-0.0363414
-0.038164
-0.0398595
-0.041409
-0.0428149
-0.0440832
-0.0452078
-0.0461953
-0.0470411
-0.0477455
-0.0483103
-0.0487361
-0.0490192
-0.0491583
-0.0491551
-0.0490093
-0.0487202
-0.0482868
-0.0477057
-0.0469738
-0.0460916
-0.0450573
-0.0438649
-0.0425121
-0.0410035
-0.0393416
-0.0375191
-0.0355278
-0.0333698
-0.0310481
-0.0285552
-0.0258876
-0.0230408
-0.0199983
-0.0166605
-0.0129131
-0.00875742
-0.00421267
0.000691347
0.00589577
0.011354
0.0170223
0.0229814
0.0294161
0.0364479
0.0441743
0.0527643
0.0621497
0.0722112
0.08303820000000001
0.09508900000000001
0.109088
0.12524
0.143275
0.163391
0.186353
0.212889
0.242909
0.276069
0.312244
0.351654
0.395533
0.444906
0.498574
0.554872
0.614711
0.678022
0.740193
0.797471
0.850662
0.900263
0.945731
0.986112
1.01809
1.03951
1.05157
1.0572
1.05986
1.06184
1.06384
1.06577
1.06734
1.06856
1.06976
1.07109
1.07243
1.0737
1.07492
1.0762
1.07755
1.07903
1.08096
1.08394
1.08875
1.09564
-0.00162091
-0.00480639
-0.007881350000000001
-0.010793
-0.0135556
-0.0162358
-0.0187981
-0.021228
-0.0235557
-0.0257869
-0.0279117
-0.0299221
-0.0318132
-0.0335828
-0.0352308
-0.0367586
-0.0381481
-0.0394007
-0.0405211
-0.0415024
-0.04235
-0.0430582
-0.043626
-0.0440553
-0.0443477
-0.0445003
-0.0445126
-0.0443867
-0.0441222
-0.0437183
-0.0431743
-0.0424887
-0.0416599
-0.0406875
-0.0395699
-0.0383053
-0.0368924
-0.0353294
-0.033609
-0.0317216
-0.0296678
-0.0274497
-0.0250564
-0.0224736
-0.019705
-0.0167595
-0.0136448
-0.010255
-0.00645619
-0.00225564
0.00228647
0.00712828
0.0122438
0.0175812
0.0231489
0.0291077
0.0355855
0.0425911
0.0502291
0.0586454
0.0678385
0.0778677
0.0887984
0.101015
0.115184
0.131195
0.148842
0.168742
0.191649
0.218112
0.248183
0.281367
0.317262
0.35628
0.399755
0.448728
0.501966
0.557768
0.616996
0.679491
0.7409790000000001
0.797771
0.850564
0.899881
0.945096
0.985287
1.01717
1.03855
1.0506
1.05629
1.059
1.06103
1.06307
1.06504
1.06664
1.0679
1.06913
1.07048
1.07185
1.07315
1.07439
1.07569
1.07706
1.07857
1.08054
1.08363
1.08871
1.09639
-0.00148866
-0.00441127
-0.00722608
-0.00988228
-0.0123936
-0.0148236
-0.0171389
-0.0193269
-0.0214164
-0.0234133
-0.0253085
-0.0270952
-0.0287688
-0.0303273
-0.0317701
-0.0330987
-0.0342962
-0.0353638
-0.0363056
-0.0371158
-0.0377997
-0.0383527
-0.0387747
-0.0390684
-0.0392359
-0.0392756
-0.0391879
-0.038975
-0.0386359
-0.0381698
-0.0375758
-0.0368513
-0.0359919
-0.0349936
-0.0338523
-0.032564
-0.0311247
-0.0295327
-0.027783
-0.0258662
-0.0237804
-0.0215304
-0.0191091
-0.0164949
-0.0136811
-0.0106811
-0.00751507
-0.00407394
-0.000201901
0.00408822
0.008688359999999999
0.0135471
0.0186718
0.0240429
0.0297026
0.0357282
0.0421462
0.049035
0.0565089
0.0647266
0.0739095
0.08402569999999999
0.0951066
0.107515
0.121568
0.137156
0.154535
0.174416
0.197333
0.223792
0.253754
0.286555
0.322039
0.360857
0.403958
0.452424
0.505288
0.560762
0.619422
0.6809809999999999
0.741665
0.79803
0.850565
0.899611
0.9445249999999999
0.984469
1.01624
1.03759
1.04963
1.05537
1.05814
1.06022
1.06231
1.06432
1.06595
1.06723
1.0685
1.06988
1.07127
1.07259
1.07386
1.07517
1.07657
1.0781
1.08012
1.08332
1.08868
1.09727
-0.00134361
-0.0039767
-0.00650229
-0.00887115
-0.0110972
-0.0132417
-0.0152745
-0.0171855
-0.019003
-0.0207332
-0.0223689
-0.0239047
-0.025337
-0.0266643
-0.0278865
-0.0290049
-0.030005
-0.030888
-0.0316577
-0.0323093
-0.032847
-0.0332671
-0.03357
-0.0337572
-0.0338299
-0.0337868
-0.0336283
-0.0333554
-0.0329655
-0.0324555
-0.0318238
-0.031069
-0.0301874
-0.0291754
-0.0280282
-0.026738
-0.0252961
-0.0236987
-0.0219425
-0.0200161
-0.0179119
-0.0156391
-0.0132085
-0.0106122
-0.00782471
-0.00482798
-0.00161295
0.00194365
0.00595535
0.0103567
0.015055
0.0200038
0.0251708
0.0305814
0.0362579
0.0421883
0.0484521
0.0552524
0.06270870000000001
0.0710142
0.0803465
0.0905484
0.101728
0.114075
0.127724
0.143073
0.160573
0.18054
0.20352
0.229999
0.259629
0.291806
0.326791
0.36556
0.40837
0.456104
0.5085460000000001
0.563841
0.621978
0.682532
0.742296
0.798218
0.85061
0.899435
0.9440190000000001
0.983674
1.01531
1.03663
1.04866
1.05445
1.05729
1.05941
1.06154
1.06359
1.06525
1.06657
1.06786
1.06928
1.0707
1.07203
1.07332
1.07465
1.07607
1.07763
1.07969
1.083
1.08867
1.09828
-0.00121144
-0.00358121
-0.0058448
-0.00795418
-0.009923009999999999
-0.0118104
-0.0135882
-0.0152485
-0.0168185
-0.0183047
-0.0197011
-0.0210031
-0.0222083
-0.0233157
-0.0243256
-0.0252393
-0.0260448
-0.0267432
-0.0273377
-0.027824
-0.0282052
-0.0284772
-0.0286395
-0.0286922
-0.0286352
-0.0284664
-0.0281855
-0.0277938
-0.0272911
-0.0266766
-0.0259506
-0.0251134
-0.0241636
-0.0230984
-0.0219115
-0.0205931
-0.0191321
-0.0175225
-0.0157641
-0.0138514
-0.0117794
-0.00954873
-0.00714605
-0.00455531
-0.00176253
0.00124947
0.00451256
0.00816711
0.0122869
0.0167563
0.0214944
0.0264694
0.0316225
0.0369507
0.0425157
0.0483421
0.0545532
0.0614148
0.0690462
0.07747610000000001
0.0867689
0.0969534
0.108127
0.120301
0.133729
0.149151
0.166863
0.186932
0.210067
0.236495
0.26562
0.297134
0.331632
0.370384
0.412978
0.460043
0.511944
0.566896
0.624538
0.684106
0.742922
0.798381
0.85062
0.899254
0.94354
0.9829059999999999
1.0144
1.03567
1.04768
1.05354
1.05644
1.0586
1.06078
1.06286
1.06455
1.0659
1.06723
1.06867
1.07011
1.07147
1.07278
1.07413
1.07556
1.07715
1.07925
1.08268
1.08867
1.09946
-0.00108872
-0.0032135
-0.00523226
-0.00709716
-0.00882107
-0.0104611
-0.01199
-0.0134012
-0.0147213
-0.0159572
-0.0171041
-0.0181593
-0.0191215
-0.019991
-0.0207689
-0.0214572
-0.0220463
-0.022538
-0.0229356
-0.0232361
-0.0234426
-0.0235522
-0.0235645
-0.023479
-0.0232947
-0.0230089
-0.0226201
-0.0221286
-0.0215336
-0.0208344
-0.0200301
-0.0191189
-0.0180982
-0.0169638
-0.0157076
-0.0143203
-0.0127958
-0.0111321
-0.00933168
-0.00739672
-0.00532549
-0.00310707
-0.000709623
0.00188887
0.00469402
0.00772667
0.0110157
0.0146829
0.0188075
0.0232752
0.0280024
0.0329488
0.0380352
0.0432881
0.0488345
0.0547092
0.0610287
0.0680205
0.07566680000000001
0.0839285
0.0930308
0.103145
0.114244
0.126371
0.139899
0.155473
0.173368
0.193642
0.216836
0.242944
0.27147
0.302486
0.336648
0.375135
0.417434
0.464188
0.5155380000000001
0.5699109999999999
0.627038
0.685639
0.743505
0.79852
0.850564
0.899017
0.943055
0.982149
1.01349
1.0347
1.0467
1.05262
1.05559
1.0578
1.06001
1.06213
1.06385
1.06524
1.06659
1.06806
1.06953
1.07091
1.07224
1.0736
1.07505
1.07666
1.07881
1.08235
1.08869
1.10084
-0.000958044
-0.00282101
-0.00457621
-0.00617518
-0.00762997
-0.00899611
-0.0102472
-0.0113782
-0.0124165
-0.0133698
-0.0142361
-0.0150154
-0.015709
-0.0163191
-0.0168483
-0.017299
-0.0176646
-0.0179466
-0.0181478
-0.0182657
-0.0183023
-0.0182546
-0.0181214
-0.0179008
-0.017591
-0.0171887
-0.0166915
-0.0160984
-0.0154078
-0.0146184
-0.0137299
-0.0127431
-0.0116586
-0.0104736
-0.00918017
-0.00777014
-0.00623604
-0.00457269
-0.00277233
-0.000820785
0.00129156
0.00356447
0.0060073
0.00863468
0.0114616
0.0145229
0.0178407
0.0215211
0.0256199
0.0300109
0.0346375
0.0394922
0.0445275
0.0497911
0.0553626
0.0612958
0.0677328
0.0747218
0.0821987
0.0903573
0.0994406
0.109458
0.120426
0.132621
0.146339
0.162065
0.180219
0.200744
0.223828
0.249337
0.277235
0.307931
0.341925
0.379853
0.421694
0.468311
0.519096
0.5729030000000001
0.629494
0.687117
0.744041
0.798646
0.850456
0.89872
0.942557
0.981382
1.01258
1.03373
1.04573
1.0517
1.05474
1.05699
1.05925
1.0614
1.06315
1.06457
1.06595
1.06745
1.06894
1.07034
1.07169
1.07307
1.07454
1.07616
1.07835
1.08201
1.08871
1.10244
-0.000809045
-0.00237485
-0.00383378
-0.00513827
-0.00629971
-0.00737102
-0.00832776
-0.00916698
-0.00991561
-0.0105824
-0.0111675
-0.0116734
-0.0121035
-0.0124616
-0.0127511
-0.012975
-0.0131286
-0.013213
-0.0132297
-0.0131759
-0.0130517
-0.0128538
-0.01258
-0.0122281
-0.0117954
-0.0112786
-0.0106752
-0.009984140000000001
-0.009204759999999999
-0.008336639999999999
-0.00737915
-0.00633157
-0.00519266
-0.00395705
-0.00261301
-0.00114907
0.00044292
0.00216768
0.00403612
0.00606484
0.008258140000000001
0.01061
0.0131291
0.0158393
0.0187608
0.021901
0.0252437
0.0288943
0.0328972
0.037146
0.0416137
0.0463052
0.0512464
0.0564545
0.0619448
0.06780319999999999
0.0741174
0.08091950000000001
0.0883816
0.0967249
0.105955
0.115953
0.126886
0.139137
0.153038
0.169037
0.187369
0.208011
0.230806
0.255639
0.283044
0.313555
0.347322
0.384612
0.426158
0.472507
0.522498
0.575782
0.631891
0.688605
0.744653
0.798885
0.850392
0.898412
0.942062
0.9805970000000001
1.01165
1.03276
1.04475
1.05078
1.05389
1.05618
1.05849
1.06067
1.06245
1.06389
1.06531
1.06683
1.06835
1.06977
1.07113
1.07254
1.07402
1.07566
1.07789
1.08166
1.08875
1.10431
-0.000668145
-0.00195255
-0.00313005
-0.0041539
-0.00503538
-0.00582546
-0.00650199
-0.0070644
-0.00753929
-0.00793601
-0.008256869999999999
-0.00850625
-0.00868935
-0.00881118
-0.00887599
-0.00888683
-0.00884126
-0.0087399
-0.00858311
-0.00836775
-0.00809237
-0.00775318
-0.00734711
-0.00687127
-0.00632217
-0.00569551
-0.0049873
-0.00419394
-0.00330993
-0.00233102
-0.00125478
-7.79661e-05
0.00120204
0.00258939
0.00409166
0.00571592
0.00746507
0.009339160000000001
0.0113422
0.0134822
0.0157649
0.0181994
0.020801
0.0235762
0.0265302
0.0296703
0.0329979
0.0365668
0.0404097
0.0444942
0.0488095
0.0533686
0.0581886
0.06325020000000001
0.06859800000000001
0.07429280000000001
0.08038480000000001
0.0871159
0.0947361
0.10324
0.112539
0.122596
0.13357
0.145866
0.160002
0.176276
0.194658
0.215189
0.237606
0.261994
0.289097
0.319331
0.352738
0.389585
0.430921
0.476802
0.5259200000000001
0.5786210000000001
0.6342370000000001
0.690203
0.745494
0.799299
0.850417
0.898118
0.941573
0.979812
1.01072
1.03179
1.04376
1.04985
1.05304
1.05538
1.05772
1.05994
1.06175
1.06322
1.06467
1.06622
1.06775
1.0692
1.07058
1.07199
1.07349
1.07515
1.07742
1.0813
1.0888
1.10651
-0.000540653
-0.00156988
-0.002491
-0.00325708
-0.00387877
-0.00440551
-0.00481631
-0.0051122
-0.00531971
-0.00544872
-0.00550315
-0.00548922
-0.00541371
-0.005283
-0.00510222
-0.00487486
-0.00460125
-0.00428226
-0.00391807
-0.00350644
-0.00304516
-0.00253067
-0.00195932
-0.00132688
-0.000628292
0.000142191
0.0009907539999999999
0.00192377
0.00294905
0.0040718
0.00529406
0.00661828
0.00804581
0.009577830000000001
0.0112161
0.0129648
0.0148293
0.0168125
0.0189179
0.0211512
0.0235205
0.0260348
0.0286968
0.031492
0.034407
0.0374494
0.0406581
0.0440644
0.047741
0.0517329
0.0560067
0.0605205
0.065233
0.0701595
0.0753813
0.0809602
0.0870296
0.0938773
0.101601
0.110136
0.119406
0.129452
0.140503
0.152984
0.167282
0.18365
0.202052
0.222252
0.244292
0.268564
0.295504
0.3253
0.358356
0.394934
0.435842
0.481095
0.529459
0.581565
0.636554
0.691827
0.746447
0.79977
0.850475
0.8978080000000001
0.941069
0.9790450000000001
1.00977
1.03081
1.04278
1.04892
1.05219
1.05458
1.05696
1.05921
1.06104
1.06255
1.06402
1.0656
1.06715
1.06862
1.07001
1.07144
1.07295
1.07463
1.07693
1.08093
1.08886
1.1091
-0.000412545
-0.00118357
-0.00184145
-0.00233715
-0.0026807
-0.00292125
-0.00303806
-0.00303382
-0.00293599
-0.00275551
-0.00249859
-0.00217387
-0.00179038
-0.00135629
-0.000877935
-0.000359769
0.000194332
0.000782572
0.00140397
0.00205867
0.00274869
0.00347606
0.00424421
0.00505773
0.00592206
0.0068428
0.007826609999999999
0.008880539999999999
0.0100106
0.0112216
0.0125172
0.0139024
0.0153824
0.0169625
0.0186472
0.0204426
0.0223539
0.024386
0.0265457
0.0288342
0.0312501
0.0337914
0.0364622
0.0392638
0.0421767
0.0451792
0.0482708
0.051515
0.0550629
0.0589876
0.06322700000000001
0.067675
0.07227160000000001
0.07708760000000001
0.08226849999999999
0.08792709999999999
0.0941473
0.101047
0.10873
0.117178
0.126407
0.136575
0.147818
0.160417
0.174741
0.191161
0.209488
0.229256
0.251001
0.275223
0.301951
0.331513
0.364433
0.400581
0.440793
0.485316
0.533012
0.5845939999999999
0.638891
0.693407
0.747339
0.800218
0.850563
0.897491
0.940539
0.978294
1.00881
1.0298
1.04178
1.04799
1.05134
1.05377
1.05619
1.05847
1.06034
1.06187
1.06337
1.06497
1.06655
1.06803
1.06945
1.07089
1.07241
1.0741
1.07643
1.08054
1.08891
1.11217
-0.00023279
-0.000645176
-0.00094515
-0.00108516
-0.00107499
-0.000960784
-0.000724728
-0.000372534
6.909720000000001e-05
0.000588536
0.00117723
0.00182438
0.00251926
0.00325281
0.00401841
0.00481175
0.00562661
0.0064617
0.00731691
0.00819166
0.00908901
0.0100106
0.0109602
0.011943
0.012965
0.0140306
0.0151449
0.0163139
0.0175427
0.0188359
0.0201993
0.0216401
0.0231673
0.0247909
0.0265203
0.0283631
0.0303202
0.0323896
0.0345726
0.0368713
0.0392907
0.041835
0.0445051
0.0472888
0.0501594
0.0530977
0.0561031
0.0592875
0.06277629999999999
0.06656280000000001
0.0706167
0.0749244
0.07945530000000001
0.08425009999999999
0.0894889
0.09528
0.101612
0.108515
0.11614
0.12454
0.133823
0.144158
0.155508
0.168148
0.18248
0.198754
0.21679
0.236349
0.257927
0.281936
0.308446
0.33799
0.370785
0.406301
0.445772
0.489532
0.536554
0.587638
0.641281
0.694976
0.748213
0.800709
0.850691
0.897199
0.94002
0.977552
1.00784
1.02876
1.04077
1.04706
1.05049
1.05297
1.05543
1.05774
1.05963
1.06119
1.06272
1.06435
1.06595
1.06745
1.06887
1.07033
1.07186
1.07356
1.07592
1.08014
1.08897
1.11584
-2.78708e-05
-3.39236e-05
6.62345e-05
0.000316318
0.000707386
0.0011988
0.00180464
0.00251693
0.00331138
0.00417655
0.00510239
0.00607671
0.00708773
0.008125810000000001
0.009184049999999999
0.0102583
0.0113398
0.0124274
0.0135221
0.0146225
0.0157325
0.0168528
0.0179864
0.0191384
0.0203153
0.0215213
0.0227615
0.0240436
0.0253745
0.026762
0.0282144
0.0297397
0.0313459
0.0330422
0.0348366
0.0367348
0.0387364
0.0408385
0.0430421
0.0453468
0.0477555
0.0502763
0.0529021
0.0556059
0.0583872
0.0612579
0.06420140000000001
0.0673446
0.0707792
0.0744315
0.0783225
0.0825256
0.0870455
0.091909
0.0972066
0.102986
0.109321
0.11628
0.123914
0.132302
0.141586
0.151903
0.163304
0.176077
0.190333
0.206228
0.224019
0.243579
0.264978
0.288819
0.315331
0.344708
0.376956
0.411816
0.450793
0.493926
0.540235
0.590679
0.643637
0.696518
0.7491
0.801225
0.850818
0.896922
0.9395289999999999
0.97683
1.00687
1.02772
1.03976
1.04613
1.04963
1.05217
1.05467
1.057
1.05892
1.06051
1.06207
1.06372
1.06534
1.06685
1.06829
1.06976
1.0713
1.07301
1.07538
1.0797
1.08901
1.12024
0.000132551
0.000446355
0.000865308
0.00143269
0.00214059
0.00295113
0.00387686
0.00490817
0.00602148
0.00720505
0.00844725
0.009734130000000001
0.0110525
0.0123922
0.0137461
0.0151091
0.01647
0.0178275
0.0191831
0.0205347
0.0218869
0.0232398
0.0245961
0.0259606
0.0273388
0.0287336
0.0301499
0.0315954
0.0330777
0.0346047
0.0361846
0.0378241
0.0395307
0.0413127
0.0431751
0.0451206
0.0471517
0.0492707
0.0514823
0.053784
0.0561718
0.0586495
0.0612164
0.0638681
0.06662220000000001
0.0694801
0.0723954
0.0754673
0.0788285
0.0824532
0.0863266
0.0905036
0.09504
0.0999673
0.105309
0.111118
0.11748
0.124461
0.132138
0.140485
0.149564
0.159717
0.171154
0.18389
0.197912
0.213642
0.231336
0.250673
0.272018
0.296021
0.322674
0.351636
0.382826
0.417109
0.455759
0.498371
0.544102
0.593788
0.645944
0.698024
0.749983
0.801692
0.850907
0.896645
0.939042
0.976125
1.00592
1.02668
1.03875
1.04519
1.04878
1.05138
1.0539
1.05627
1.05821
1.05982
1.06141
1.06308
1.06472
1.06626
1.06771
1.06918
1.07073
1.07245
1.07483
1.07924
1.08903
1.12556
0.000287492
0.000911521
0.00164239
0.00252399
0.00354929
0.00468221
0.00593409
0.00729319
0.008735730000000001
0.010249
0.0118188
0.0134287
0.0150631
0.0167102
0.0183614
0.0200113
0.0216455
0.0232632
0.0248664
0.0264529
0.028029
0.0295957
0.0311579
0.0327224
0.0342958
0.0358816
0.0374847
0.039112
0.0407688
0.0424582
0.0441837
0.0459492
0.0477601
0.0496243
0.0515469
0.0535328
0.0555893
0.0577221
0.0599361
0.062235
0.06461699999999999
0.06707780000000001
0.069618
0.0722397
0.0749518
0.0777515
0.08063380000000001
0.08366469999999999
0.08697390000000001
0.0906014
0.09452049999999999
0.0987624
0.103388
0.108415
0.113805
0.119646
0.126053
0.133029
0.140589
0.148791
0.1578
0.167887
0.179141
0.191639
0.205608
0.221408
0.238917
0.257778
0.279139
0.303516
0.330159
0.358485
0.388651
0.422532
0.46083
0.502848
0.548107
0.596966
0.6482830000000001
0.699618
0.750911
0.802139
0.850976
0.896373
0.938538
0.975418
1.00499
1.02567
1.03774
1.04425
1.04792
1.05058
1.05314
1.05553
1.0575
1.05914
1.06075
1.06245
1.0641
1.06565
1.06712
1.0686
1.07015
1.07187
1.07426
1.07874
1.08901
1.13206
0.000459212
0.00142669
0.00250207
0.00372921
0.00510205
0.00658706
0.008194130000000001
0.009909579999999999
0.01171
0.0135817
0.0155084
0.017471
0.0194513
0.0214349
0.0234115
0.0253752
0.0273081
0.0292088
0.0310793
0.032916
0.0347261
0.0365099
0.0382729
0.0400236
0.0417705
0.0435182
0.045273
0.0470431
0.0488336
0.0506472
0.0524864
0.054354
0.0562529
0.058189
0.0601667
0.0621906
0.0642658
0.06639920000000001
0.06860280000000001
0.0708884
0.0732611
0.0757158
0.0782516
0.0808644
0.08355269999999999
0.086335
0.0892221
0.0922967
0.0956789
0.099385
0.103392
0.107748
0.112487
0.117566
0.122954
0.128732
0.135012
0.141817
0.149178
0.157278
0.166343
0.17634
0.18736
0.199817
0.213966
0.22973
0.246814
0.265357
0.286708
0.311194
0.337517
0.36499
0.394559
0.428179
0.46606
0.507522
0.5522049999999999
0.6001880000000001
0.65062
0.701358
0.75202
0.802647
0.8510799999999999
0.896112
0.938015
0.974706
1.00408
1.02466
1.03673
1.04331
1.04706
1.04979
1.05238
1.0548
1.05679
1.05845
1.06009
1.0618
1.06348
1.06504
1.06652
1.06801
1.06956
1.07127
1.07366
1.0782
1.08894
1.14009
0.000656606
0.00201646
0.00348028
0.00508956
0.00683937
0.00870074
0.0106808
0.0127635
0.014927
0.0171572
0.0194356
0.0217405
0.0240521
0.0263541
0.0286354
0.03089
0.033097
0.035255
0.0373671
0.0394284
0.0414471
0.0434232
0.0453623
0.0472733
0.0491646
0.0510412
0.05291
0.0547809
0.0566606
0.0585554
0.0604716
0.0624142
0.06438679999999999
0.0663951
0.0684439
0.0705358
0.0726726
0.07486130000000001
0.07711800000000001
0.0794523
0.08187029999999999
0.0843795
0.08698549999999999
0.0896877
0.0924823
0.09538629999999999
0.0983953
0.101598
0.10511
0.108901
0.112957
0.117374
0.122153
0.127165
0.13245
0.138163
0.144314
0.150908
0.158151
0.166242
0.175212
0.184993
0.195913
0.208477
0.222725
0.238246
0.254955
0.273563
0.294989
0.31912
0.344815
0.371388
0.400618
0.434043
0.471409
0.512398
0.5563
0.603424
0.6529700000000001
0.70309
0.753243
0.803262
0.851233
0.895848
0.93749
0.973994
1.00317
1.02365
1.03572
1.04238
1.0462
1.049
1.05162
1.05406
1.05608
1.05776
1.05942
1.06116
1.06285
1.06443
1.06592
1.06741
1.06895
1.07066
1.07303
1.07761
1.08878
1.14959
0.0008335490000000001
0.00254588
0.00436025
0.006317
0.008412279999999999
0.0106205
0.0129466
0.0153724
0.0178765
0.0204444
0.0230551
0.0256848
0.0283115
0.0309177
0.0334915
0.0360266
0.0384986
0.0409069
0.0432558
0.0455398
0.047769
0.0499436
0.0520702
0.0541579
0.0562158
0.0582491
0.060266
0.0622785
0.06429509999999999
0.0663242
0.0683739
0.07044980000000001
0.0725546
0.074693
0.0768699
0.07909040000000001
0.081357
0.0836715
0.08603959999999999
0.08845939999999999
0.09093660000000001
0.0934918
0.0961385
0.0988772
0.101712
0.104648
0.107682
0.110934
0.114529
0.118415
0.122543
0.126962
0.131675
0.136592
0.141781
0.147409
0.153501
0.160083
0.167341
0.175386
0.184217
0.193964
0.204999
0.217569
0.231491
0.246681
0.263417
0.282156
0.303608
0.327247
0.352018
0.377906
0.406984
0.44023
0.477092
0.517524
0.560606
0.606865
0.655475
0.704806
0.754516
0.8040659999999999
0.851554
0.895717
0.93706
0.973347
1.00233
1.02266
1.03473
1.04146
1.04535
1.04822
1.05088
1.05334
1.05537
1.05708
1.05876
1.06052
1.06223
1.06382
1.06531
1.06681
1.06835
1.07004
1.07239
1.07698
1.08854
1.15518
0.00100497
0.00306061
0.00522017
0.00752452
0.009970710000000001
0.012535
0.0152209
0.0180079
0.0208746
0.0238058
0.0267784
0.0297666
0.0327468
0.0357003
0.0386146
0.0414829
0.0442773
0.0469977
0.0496486
0.0522231
0.0547326
0.0571757
0.0595589
0.0618909
0.06418020000000001
0.0664299
0.06864729999999999
0.07084459999999999
0.07303
0.0752129
0.07740279999999999
0.079606
0.08182739999999999
0.08407249999999999
0.0863447
0.08865000000000001
0.090992
0.0933701
0.0957866
0.0982403
0.100739
0.103302
0.105946
0.108684
0.111531
0.114486
0.117526
0.120766
0.12435
0.128255
0.132408
0.136781
0.14136
0.14614
0.15119
0.156659
0.16266
0.169275
0.176632
0.184782
0.193734
0.203578
0.214593
0.226913
0.240477
0.255509
0.27225
0.29099
0.312253
0.33524
0.359043
0.384672
0.413708
0.446708
0.48317
0.522849
0.565322
0.610772
0.658235
0.706738
0.75608
0.805186
0.85221
0.895932
0.936907
0.97293
1.00164
1.02178
1.03381
1.04058
1.04453
1.04747
1.05016
1.05264
1.05469
1.05641
1.05812
1.0599
1.06163
1.06322
1.06472
1.06622
1.06775
1.06943
1.07175
1.07635
1.08831
1.14996
0.0012175
0.00369799
0.00628296
0.00901279
0.0118854
0.0148797
0.0179967
0.0212127
0.0245062
0.0278609
0.0312508
0.034647
0.0380231
0.0413586
0.0446398
0.0478592
0.0509843
0.0540172
0.0569626
0.0598117
0.0625792
0.0652636
0.06787169999999999
0.0704133
0.07289619999999999
0.07532369999999999
0.0777043
0.0800506
0.08237120000000001
0.0846756
0.0869738
0.089272
0.0915769
0.0938968
0.09623760000000001
0.09860629999999999
0.101007
0.103446
0.105931
0.108463
0.111052
0.113703
0.116417
0.119198
0.122059
0.125015
0.128054
0.131245
0.134709
0.138463
0.142467
0.146686
0.151135
0.155866
0.160909
0.166363
0.172403
0.179137
0.186586
0.19472
0.203555
0.213241
0.224092
0.23636
0.249928
0.264897
0.281583
0.300174
0.320833
0.343
0.366253
0.391785
0.420776
0.45351
0.489481
0.528455
0.5704129999999999
0.615072
0.661364
0.709089
0.758002
0.8066
0.853183
0.896496
0.9370889999999999
0.972787
1.00117
1.02106
1.03297
1.03975
1.04376
1.04675
1.04947
1.05197
1.05403
1.05578
1.05751
1.0593
1.06104
1.06265
1.06416
1.06565
1.06718
1.06884
1.07113
1.07574
1.08814
1.135
0.00144888
0.00439009
0.00743247
0.0106142
0.0139343
0.0173757
0.0209365
0.0245893
0.028313
0.032091
0.0358945
0.0396921
0.0434549
0.0471606
0.0507945
0.0543464
0.0577814
0.0611045
0.0643174
0.0674101
0.07040200000000001
0.0732911
0.07608620000000001
0.0787991
0.0814386
0.0840119
0.08653139999999999
0.0890107
0.09146020000000001
0.0938895
0.0963067
0.09871770000000001
0.10113
0.103552
0.105991
0.108454
0.11094
0.113458
0.116019
0.118619
0.121261
0.123959
0.126721
0.129543
0.132406
0.135327
0.138341
0.141541
0.145019
0.14876
0.15274
0.156939
0.161392
0.166179
0.17132
0.176875
0.182983
0.189683
0.19695
0.204779
0.213436
0.223187
0.234087
0.246282
0.259742
0.274641
0.291212
0.309454
0.329353
0.35087
0.373967
0.399298
0.42824
0.460622
0.496023
0.534542
0.575891
0.619706
0.664937
0.711817
0.7601329999999999
0.808303
0.854432
0.8973179999999999
0.937565
0.972872
1.00085
1.02045
1.03219
1.03896
1.04302
1.04607
1.04882
1.05133
1.0534
1.05516
1.05692
1.05873
1.06048
1.0621
1.06361
1.0651
1.06662
1.06826
1.07052
1.07512
1.08803
1.11308
0.00170152
0.00514609
0.008688939999999999
0.0123659
0.0161767
0.0201087
0.0241575
0.0282915
0.0324894
0.036735
0.0409967
0.0452402
0.0494345
0.0535555
0.0575874
0.0615154
0.0653038
0.06896099999999999
0.0724836
0.07585989999999999
0.079113
0.0822408
0.08525240000000001
0.08816060000000001
0.0909731
0.0936993
0.0963545
0.09895
0.101497
0.104008
0.106491
0.108956
0.111416
0.11388
0.116353
0.118837
0.121333
0.123847
0.126392
0.128961
0.131553
0.134188
0.136895
0.139695
0.142573
0.14554
0.148632
0.151947
0.15554
0.159352
0.163395
0.167699
0.172284
0.177145
0.18229
0.187818
0.193805
0.200292
0.207311
0.215062
0.223967
0.23395
0.244765
0.256616
0.269849
0.284657
0.30098
0.318795
0.338112
0.35912
0.381991
0.407225
0.436065
0.467948
0.5028550000000001
0.541056
0.58178
0.624634
0.668865
0.7148870000000001
0.762529
0.810292
0.855939
0.898363
0.938256
0.973143
1.00065
1.01991
1.03146
1.0382
1.04232
1.04542
1.0482
1.05071
1.05279
1.05457
1.05635
1.05817
1.05994
1.06156
1.06307
1.06456
1.06607
1.06768
1.0699
1.07446
1.0879
1.08687
0.00193005
0.00583148
0.00983177
0.0139662
0.0182355
0.0226293
0.0271425
0.0317396
0.0363982
0.0411018
0.0458166
0.0505056
0.0551351
0.0596793
0.06412089999999999
0.06843920000000001
0.07259889999999999
0.07661080000000001
0.0804684
0.08415889999999999
0.0877053
0.09110840000000001
0.0943774
0.0975249
0.100557
0.103484
0.106325
0.109092
0.111795
0.114449
0.11706
0.11964
0.122201
0.124753
0.127301
0.129845
0.132384
0.134927
0.137483
0.14006
0.142668
0.145313
0.148014
0.150793
0.153659
0.156626
0.159696
0.16298
0.16656
0.170382
0.174427
0.178717
0.183289
0.18814
0.193301
0.198841
0.204742
0.211152
0.21822
0.226079
0.234896
0.244572
0.255206
0.266997
0.280187
0.294865
0.310884
0.328272
0.347174
0.367677
0.390161
0.415433
0.443949
0.475349
0.509927
0.547689
0.587858
0.629817
0.6731239999999999
0.718336
0.765302
0.812474
0.8576240000000001
0.899621
0.939084
0.973542
1.00056
1.01945
1.03078
1.03746
1.04163
1.04479
1.0476
1.05012
1.05219
1.05399
1.05578
1.05763
1.0594
1.06103
1.06254
1.06403
1.06552
1.0671
1.06925
1.07373
1.08743
1.05945
0.00212457
0.00641653
0.0108114
0.0153455
0.0200202
0.0248262
0.0297587
0.0347786
0.0398608
0.0449894
0.050128
0.0552373
0.0602819
0.0652339
0.070075
0.07477739999999999
0.079308
0.08367869999999999
0.08788120000000001
0.0919015
0.09575939999999999
0.0994594
0.103011
0.106424
0.109705
0.11287
0.115936
0.118915
0.121822
0.124666
0.127459
0.130215
0.132947
0.135665
0.138372
0.141062
0.143734
0.146399
0.149059
0.151715
0.15438
0.157065
0.159778
0.162531
0.165347
0.168249
0.171269
0.174514
0.178049
0.181834
0.185837
0.190087
0.1946
0.199364
0.204463
0.210002
0.215975
0.222478
0.229629
0.237407
0.245874
0.255262
0.265777
0.277463
0.290611
0.305161
0.32089
0.337901
0.356371
0.376428
0.398697
0.423873
0.451776
0.482731
0.517153
0.554301
0.593719
0.635
0.677558
0.722032
0.768292
0.814708
0.85937
0.901008
0.940012
0.974011
1.00052
1.01902
1.03015
1.03673
1.04095
1.04417
1.047
1.04952
1.0516
1.05341
1.05523
1.05709
1.05887
1.0605
1.06201
1.06349
1.06496
1.06649
1.06857
1.07286
1.0858
0.796218
0.00236208
0.00712979
0.0120033
0.0170187
0.0221779
0.0274738
0.0329014
0.0384166
0.0439913
0.0496103
0.0552345
0.0608216
0.0663335
0.0717404
0.0770224
0.0821431
0.087072
0.091822
0.09638289999999999
0.100739
0.104907
0.108896
0.112715
0.116372
0.119877
0.12325
0.126508
0.129663
0.132727
0.13571
0.138626
0.14149
0.144318
0.14712
0.149901
0.152656
0.155388
0.158108
0.160819
0.163524
0.166231
0.168942
0.171658
0.174397
0.177183
0.180033
0.182985
0.186174
0.189673
0.193405
0.197338
0.201548
0.206061
0.210827
0.215906
0.221416
0.227412
0.233971
0.241155
0.248866
0.257183
0.266489
0.276807
0.288263
0.301285
0.315649
0.33106
0.347545
0.365584
0.385489
0.407539
0.432227
0.459663
0.490243
0.524265
0.560898
0.599536
0.639987
0.681812
0.725657
0.771226
0.816883
0.861063
0.902371
0.940939
0.97444
1.00043
1.01859
1.02953
1.03601
1.04027
1.04356
1.04641
1.04893
1.05101
1.05283
1.05466
1.05653
1.05832
1.05995
1.06146
1.06293
1.06437
1.06585
1.06782
1.07176
1.0823
0.54505
0.00261488
0.00788788
0.0132675
0.0187899
0.0244582
0.0302682
0.0362154
0.0422514
0.0483453
0.0544823
0.0606201
0.06671290000000001
0.07271909999999999
0.0786062
0.08435230000000001
0.0899114
0.0952553
0.100399
0.105329
0.110029
0.114511
0.118789
0.122873
0.126766
0.130481
0.134042
0.137466
0.140767
0.14396
0.147057
0.150076
0.153034
0.155944
0.158816
0.161654
0.164457
0.167229
0.169982
0.172724
0.175467
0.178221
0.180977
0.183735
0.186511
0.189315
0.192152
0.195034
0.198148
0.201593
0.205251
0.209108
0.213244
0.217708
0.222496
0.227658
0.233213
0.23916
0.245603
0.252649
0.26029
0.268634
0.277942
0.288177
0.299533
0.312283
0.326188
0.341108
0.357323
0.375227
0.394782
0.416198
0.440388
0.46766
0.497843
0.531178
0.5673
0.605348
0.644882
0.685961
0.72914
0.773916
0.818864
0.862569
0.903601
0.941763
0.974779
1.00029
1.0181
1.02888
1.03526
1.03957
1.04293
1.04581
1.04832
1.0504
1.05223
1.05408
1.05597
1.05775
1.05939
1.06089
1.06234
1.06374
1.06515
1.06697
1.07034
1.07666
0.5403520000000001
0.00285267
0.0086
0.0144528
0.020447
0.0265871
0.0328728
0.0393009
0.0458193
0.052395
0.0590141
0.0656315
0.0721982
0.07866919999999999
0.08500919999999999
0.0911942
0.0971693
0.102909
0.10843
0.113719
0.118757
0.123555
0.12813
0.132492
0.136642
0.140597
0.144381
0.148009
0.151499
0.154862
0.158115
0.161275
0.164357
0.167374
0.170334
0.173241
0.176101
0.178925
0.181728
0.184518
0.187305
0.190101
0.192904
0.195709
0.198522
0.201358
0.204235
0.207155
0.210267
0.213699
0.217386
0.221293
0.225448
0.229874
0.234633
0.239808
0.24533
0.251157
0.257474
0.264426
0.272046
0.280414
0.28963
0.29973
0.310801
0.323017
0.336401
0.35109
0.367369
0.385133
0.404018
0.424754
0.44863
0.475594
0.505296
0.538086
0.573543
0.610784
0.649562
0.690056
0.7324929999999999
0.776322
0.820458
0.863702
0.904549
0.942337
0.974921
1.00004
1.01755
1.0282
1.0345
1.03885
1.04229
1.04519
1.0477
1.04977
1.05161
1.05348
1.05537
1.05716
1.05879
1.06027
1.0617
1.06307
1.06438
1.06601
1.0685
1.06908
0.534058
0.00308448
0.009294159999999999
0.0156081
0.0220616
0.0286606
0.0354082
0.0423019
0.0492859
0.0563251
0.0634068
0.0704833
0.0775026
0.0844172
0.0911893
0.0977933
0.104167
0.110286
0.116168
0.1218
0.127162
0.132262
0.137124
0.141756
0.146164
0.150367
0.154392
0.158253
0.161968
0.165545
0.168994
0.172331
0.175567
0.178717
0.181794
0.184801
0.187746
0.190641
0.193498
0.196324
0.199133
0.201935
0.204741
0.207559
0.210405
0.213296
0.216239
0.219215
0.222375
0.225868
0.229646
0.233675
0.237946
0.242434
0.247177
0.252246
0.257637
0.26339
0.269651
0.27656
0.284185
0.292513
0.30146
0.311176
0.321873
0.333653
0.346712
0.361286
0.37735
0.394727
0.413197
0.433515
0.456957
0.483379
0.512674
0.545026
0.579554
0.615827
0.653966
0.693849
0.735587
0.778531
0.82174
0.864463
0.905094
0.942547
0.97478
0.999592
1.01688
1.02746
1.03369
1.03809
1.04161
1.04454
1.04704
1.04911
1.05097
1.05284
1.05474
1.05652
1.05814
1.05962
1.06102
1.06232
1.06352
1.06491
1.06627
1.06037
0.526963
0.00330445
0.00995389
0.0167087
0.0236046
0.0306484
0.0378459
0.0451948
0.052636
0.060133
0.0676736
0.0752081
0.08268159999999999
0.090044
0.09725549999999999
0.104289
0.111075
0.117591
0.123855
0.12985
0.135557
0.140983
0.146153
0.151075
0.155756
0.160213
0.164474
0.168552
0.172467
0.176225
0.179842
0.183338
0.186728
0.19003
0.19326
0.196421
0.199515
0.202552
0.205538
0.208477
0.211377
0.214253
0.217121
0.219996
0.222886
0.225798
0.228723
0.231674
0.23486
0.238392
0.242185
0.24623
0.250509
0.25498
0.259655
0.264601
0.269922
0.275701
0.282011
0.28894
0.296475
0.30456
0.313152
0.322562
0.333084
0.344653
0.357394
0.371545
0.387215
0.404161
0.422265
0.442358
0.465262
0.491058
0.519979
0.551602
0.585064
0.6206199999999999
0.658149
0.697292
0.738356
0.780486
0.822801
0.864941
0.905255
0.942393
0.974357
0.998946
1.0161
1.02665
1.03283
1.03729
1.0409
1.04386
1.04636
1.04843
1.05029
1.05217
1.05406
1.05585
1.05746
1.05891
1.06027
1.06151
1.06257
1.06369
1.0638
0.793312
0.261671
0.00353795
0.0106537
0.0178747
0.0252365
0.0327467
0.0404145
0.0482374
0.0561527
0.0641236
0.07213890000000001
0.0801463
0.08808879999999999
0.0959137
0.103579
0.111055
0.11827
0.125197
0.131856
0.138228
0.144292
0.150054
0.15554
0.160756
0.165711
0.170422
0.174918
0.179216
0.183333
0.187279
0.19107
0.194732
0.19828
0.201734
0.20511
0.208409
0.211636
0.214806
0.217926
0.220999
0.224029
0.227025
0.229998
0.232957
0.235907
0.238847
0.241767
0.244694
0.247846
0.251316
0.255001
0.258898
0.263003
0.267324
0.271896
0.276796
0.282171
0.28804
0.294416
0.301338
0.308751
0.31658
0.3249
0.334082
0.344331
0.355608
0.368006
0.381817
0.397073
0.413499
0.431212
0.450947
0.473446
0.49892
0.527261
0.5577800000000001
0.590301
0.625232
0.662096
0.700707
0.741062
0.782285
0.823807
0.865313
0.90524
0.942029
0.97372
0.998155
1.01524
1.02579
1.03195
1.03647
1.04017
1.04316
1.04566
1.04773
1.04959
1.05148
1.05337
1.05514
1.05674
1.05817
1.05948
1.06064
1.06154
1.06236
1.06123
0.52983
1e+16
0.00379996
0.011439
0.0191837
0.0270692
0.035104
0.0433009
0.0516571
0.0601057
0.06860810000000001
0.0771539
0.0856876
0.0941486
0.102481
0.11064
0.118596
0.126269
0.133632
0.140705
0.147469
0.153898
0.16
0.165802
0.171311
0.176535
0.181494
0.186219
0.190729
0.195044
0.199172
0.20313
0.206941
0.210623
0.214194
0.217671
0.221057
0.224357
0.227587
0.230762
0.23389
0.236981
0.240037
0.243054
0.246048
0.249032
0.252014
0.254991
0.257963
0.261122
0.264543
0.268112
0.271841
0.275775
0.279977
0.284497
0.28941
0.294812
0.300695
0.307013
0.313693
0.320828
0.328509
0.336788
0.345883
0.355793
0.366615
0.378754
0.392367
0.407083
0.422832
0.440034
0.459333
0.481669
0.507038
0.534641
0.563961
0.595674
0.629862
0.666005
0.70429
0.74394
0.7842209999999999
0.824893
0.865712
0.905273
0.941682
0.973058
0.997354
1.01436
1.02493
1.03109
1.03563
1.03944
1.04248
1.04497
1.04704
1.0489
1.05078
1.05267
1.05443
1.05601
1.05741
1.05867
1.05974
1.06045
1.06099
1.05863
0.527993
1e+16
0.00407082
0.0122507
0.0205361
0.0289619
0.0375378
0.0462805
0.055187
0.0641861
0.0732386
0.08233409999999999
0.0914141
0.100414
0.109275
0.117949
0.126403
0.134553
0.142368
0.149869
0.157035
0.163839
0.170288
0.176411
0.182216
0.18771
0.192915
0.197863
0.202574
0.207069
0.211358
0.215457
0.219392
0.22318
0.226837
0.230384
0.233827
0.237178
0.240453
0.243661
0.246809
0.249914
0.252986
0.256024
0.25904
0.262056
0.265085
0.268123
0.271153
0.274371
0.277867
0.281504
0.285271
0.289204
0.293373
0.297845
0.302675
0.307908
0.313632
0.319785
0.3262
0.333094
0.340709
0.348916
0.357735
0.367364
0.378054
0.389963
0.402976
0.416954
0.432026
0.448862
0.468126
0.49013
0.5149589999999999
0.541891
0.570145
0.600998
0.634447
0.670042
0.70795
0.746812
0.786246
0.82603
0.86616
0.905379
0.941406
0.972459
0.996608
1.01352
1.02409
1.03026
1.03481
1.03871
1.04181
1.04429
1.04635
1.04821
1.05008
1.05196
1.05371
1.05527
1.05664
1.05784
1.05881
1.05931
1.05955
0.793372
0.263532
1e+16
0.00432085
0.0129999
0.0217845
0.0307096
0.0397867
0.049036
0.0584552
0.06797
0.0775404
0.0871566
0.09675739999999999
0.106275
0.115647
0.124821
0.133763
0.142382
0.150644
0.158572
0.16614
0.17332
0.180119
0.186567
0.192673
0.198444
0.203906
0.209093
0.214028
0.218731
0.223214
0.227497
0.231607
0.235561
0.239374
0.243063
0.246635
0.250106
0.253498
0.256819
0.260067
0.263246
0.266366
0.269442
0.27249
0.275527
0.278567
0.281617
0.284669
0.287907
0.291404
0.295037
0.298809
0.302728
0.306845
0.311235
0.315969
0.321098
0.326705
0.332719
0.339031
0.3459
0.35343
0.361336
0.36976
0.379177
0.389677
0.401101
0.413367
0.426627
0.441338
0.458213
0.47739
0.498785
0.522708
0.548775
0.5762119999999999
0.606158
0.638934
0.674237
0.711614
0.7496080000000001
0.788252
0.827322
0.866739
0.9054990000000001
0.941221
0.971898
0.995821
1.01266
1.02327
1.02947
1.034
1.03798
1.04114
1.04362
1.04566
1.04752
1.04939
1.05125
1.05299
1.05452
1.05585
1.05698
1.05784
1.05812
1.05793
0.528898
1e+16
1e+16
0.0045783
0.0137718
0.0230716
0.0325134
0.0421102
0.0518864
0.0618398
0.0718936
0.08200689999999999
0.0921705
0.10232
0.112384
0.122297
0.132004
0.141465
0.150586
0.159329
0.167716
0.175719
0.183307
0.190484
0.197284
0.203713
0.20978
0.215513
0.220948
0.226109
0.23102
0.235694
0.240151
0.244423
0.248527
0.252479
0.256294
0.259973
0.263526
0.26698
0.270355
0.273655
0.276889
0.280074
0.283223
0.286344
0.289436
0.292512
0.295572
0.298601
0.301763
0.305146
0.308654
0.31232
0.316172
0.320252
0.324631
0.329374
0.334518
0.340025
0.345898
0.352194
0.358974
0.366182
0.373771
0.38197
0.391099
0.401216
0.412155
0.423885
0.436673
0.451267
0.468058
0.486737
0.5075229999999999
0.530522
0.5555600000000001
0.5823660000000001
0.611579
0.643649
0.678523
0.715163
0.752351
0.79027
0.828707
0.867451
0.905654
0.941079
0.971366
0.9950369999999999
1.01178
1.02243
1.02871
1.03324
1.03725
1.04048
1.04296
1.04499
1.04683
1.04869
1.05054
1.05226
1.05376
1.05504
1.0561
1.05684
1.05685
1.05606
0.527755
1e+16
1e+16
0.00483281
0.0145358
0.0243475
0.0343054
0.0444244
0.0547323
0.0652278
0.0758322
0.08650389999999999
0.0972336
0.107954
0.118591
0.129074
0.139343
0.149358
0.159013
0.168269
0.177146
0.185612
0.193634
0.201214
0.208388
0.215162
0.221544
0.227564
0.233259
0.238656
0.243778
0.248638
0.253259
0.257672
0.261897
0.265955
0.269865
0.273626
0.277249
0.280757
0.284169
0.287496
0.290759
0.293972
0.297148
0.300292
0.303408
0.306504
0.309554
0.312524
0.31561
0.318949
0.32245
0.326123
0.330006
0.334116
0.338475
0.343153
0.348199
0.353523
0.359135
0.365193
0.371731
0.378687
0.386091
0.394101
0.402967
0.412738
0.423121
0.434357
0.447083
0.461595
0.477945
0.496196
0.516367
0.538405
0.562464
0.588682
0.617323
0.648675
0.682897
0.718736
0.755184
0.792303
0.830032
0.868166
0.905846
0.940928
0.970834
0.994269
1.01092
1.02158
1.02797
1.03253
1.03654
1.03982
1.04232
1.04432
1.04615
1.04799
1.04983
1.05152
1.05299
1.05421
1.05519
1.05579
1.05551
1.05397
0.52645
1e+16
1e+16
0.00509177
0.015312
0.0256416
0.0361189
0.0467611
0.0576001
0.068636
0.07978780000000001
0.0910135
0.102304
0.113589
0.124791
0.135834
0.146657
0.157213
0.167393
0.177152
0.186511
0.195437
0.203893
0.211882
0.219439
0.226572
0.233287
0.239614
0.245592
0.251247
0.256604
0.261677
0.266489
0.271071
0.275444
0.279629
0.283649
0.287512
0.291232
0.29483
0.298316
0.301696
0.304984
0.308194
0.31134
0.31444
0.317497
0.320511
0.323475
0.326377
0.32943
0.332797
0.33637
0.340103
0.344003
0.348082
0.352351
0.356874
0.361718
0.366836
0.372241
0.378084
0.384443
0.391308
0.398635
0.406537
0.415217
0.424534
0.43428
0.445078
0.457605
0.471746
0.487668
0.505571
0.525137
0.5462360000000001
0.56941
0.595193
0.623244
0.65388
0.687418
0.722494
0.7581639999999999
0.7944369999999999
0.831402
0.868802
0.90598
0.9407990000000001
0.9703349999999999
0.993502
1.01007
1.02072
1.02724
1.03183
1.03585
1.03918
1.04168
1.04366
1.04547
1.0473
1.04911
1.05077
1.0522
1.05337
1.05426
1.05471
1.05415
0.789636
0.262883
1e+16
1e+16
0.00534706
0.0160775
0.026918
0.0379082
0.0490677
0.0604325
0.0720036
0.0836982
0.0954738
0.107321
0.119168
0.130931
0.142532
0.153905
0.165001
0.175702
0.185962
0.195801
0.205182
0.214066
0.222456
0.230388
0.237867
0.244902
0.251522
0.257769
0.263668
0.269247
0.274519
0.27951
0.284251
0.288763
0.293069
0.297197
0.30116
0.304972
0.308646
0.312192
0.315615
0.318932
0.322157
0.325304
0.328394
0.331427
0.334409
0.337352
0.340247
0.343275
0.346587
0.350083
0.353717
0.357511
0.36152
0.365763
0.370201
0.374868
0.379862
0.385253
0.391051
0.397315
0.40411
0.411435
0.419294
0.427635
0.436423
0.445789
0.456276
0.468344
0.481983
0.49744
0.514761
0.533622
0.553917
0.576458
0.601862
0.629457
0.659284
0.691934
0.726301
0.7611329999999999
0.796628
0.832893
0.869513
0.906054
0.9405520000000001
0.969831
0.992776
1.00924
1.01991
1.02654
1.03114
1.03517
1.03854
1.04106
1.04301
1.0448
1.0466
1.04838
1.05001
1.0514
1.0525
1.0533
1.0536
1.05282
0.526026
1e+16
1e+16
1e+16
0.00557974
0.0167764
0.0280864
0.0395514
0.0511932
0.06305040000000001
0.07512539999999999
0.08733399999999999
0.0996329
0.112013
0.124399
0.136704
0.148847
0.160757
0.172381
0.183596
0.194349
0.204661
0.214491
0.223794
0.232571
0.24086
0.248665
0.255994
0.262878
0.269361
0.275469
0.281232
0.286668
0.291806
0.296683
0.301322
0.305749
0.30999
0.314059
0.317968
0.321738
0.325379
0.328893
0.332299
0.335609
0.338836
0.341999
0.345107
0.348176
0.351206
0.354151
0.357156
0.360358
0.363689
0.367166
0.370839
0.374747
0.378905
0.383301
0.387957
0.392948
0.398338
0.404095
0.410281
0.416947
0.424124
0.431775
0.439724
0.448057
0.457183
0.467479
0.479156
0.492372
0.507336
0.524026
0.542079
0.561685
0.583738
0.608629
0.635812
0.664953
0.696694
0.730235
0.76418
0.79887
0.834434
0.8703109999999999
0.906139
0.94017
0.969258
0.992036
1.00838
1.01911
1.02587
1.03051
1.0345
1.03791
1.04045
1.04237
1.04413
1.04591
1.04766
1.04925
1.05058
1.05162
1.0523
1.05244
1.05149
0.52532
1e+16
1e+16
1e+16
0.00580903
0.0174642
0.0292341
0.0411616
0.0532704
0.0656028
0.0781625
0.09086370000000001
0.103663
0.116552
0.129453
0.142277
0.154937
0.16736
0.17949
0.191196
0.202423
0.213187
0.223447
0.233153
0.242305
0.250941
0.259066
0.266686
0.273835
0.280556
0.286881
0.292841
0.298456
0.303759
0.308791
0.313578
0.318146
0.322517
0.326701
0.330718
0.334597
0.338349
0.341974
0.345486
0.348899
0.35222
0.355454
0.358612
0.361718
0.364775
0.367742
0.370765
0.373977
0.377297
0.380729
0.384319
0.388123
0.392169
0.396451
0.401032
0.405987
0.411336
0.417053
0.423144
0.429647
0.436588
0.443867
0.451483
0.45961
0.468623
0.478695
0.489931
0.502629
0.517039
0.5331050000000001
0.550498
0.5696329999999999
0.59128
0.615627
0.642111
0.670596
0.701722
0.734409
0.767438
0.80132
0.836063
0.871171
0.906272
0.939705
0.968641
0.991321
1.00751
1.01827
1.02519
1.02992
1.03387
1.03729
1.03984
1.04174
1.04347
1.04521
1.04693
1.04847
1.04975
1.05071
1.05128
1.05122
0.787973
0.262482
1e+16
1e+16
1e+16
0.00603714
0.0181484
0.030376
0.0427638
0.055338
0.0681446
0.08118839999999999
0.09438299999999999
0.107685
0.121086
0.134507
0.147855
0.161041
0.173986
0.186631
0.198838
0.210546
0.221772
0.23247
0.242587
0.252122
0.261115
0.269569
0.277492
0.284918
0.291894
0.298452
0.304626
0.310437
0.315919
0.321116
0.326054
0.33076
0.335259
0.339563
0.343693
0.347677
0.351525
0.355238
0.358828
0.362302
0.36566
0.368906
0.372056
0.375128
0.378131
0.38109
0.384172
0.387449
0.390846
0.394371
0.398024
0.401816
0.405755
0.409821
0.414115
0.418854
0.424065
0.429614
0.435468
0.441713
0.448458
0.45564
0.463137
0.471127
0.479996
0.489801
0.500696
0.512867
0.526517
0.5418269999999999
0.558844
0.577718
0.598886
0.622567
0.6482599999999999
0.676081
0.706644
0.738595
0.770853
0.803947
0.837782
0.872198
0.906528
0.939208
0.967974
0.9906470000000001
1.0067
1.01742
1.02448
1.02934
1.03326
1.03667
1.03925
1.04112
1.04281
1.04452
1.04619
1.04769
1.04891
1.04978
1.05023
1.04993
0.524759
1e+16
1e+16
1e+16
1e+16
0.00626926
0.0188451
0.0315392
0.0443974
0.0574481
0.0707407
0.0842815
0.0979831
0.111802
0.12573
0.139686
0.153574
0.167301
0.180785
0.193962
0.206687
0.218897
0.230606
0.241765
0.252317
0.262259
0.271631
0.280436
0.28868
0.296398
0.303641
0.310441
0.316833
0.322838
0.328493
0.333844
0.338918
0.34374
0.348337
0.352724
0.356917
0.36094
0.36481
0.368533
0.372128
0.375606
0.378979
0.382257
0.385447
0.388566
0.391612
0.394604
0.397719
0.401035
0.40446
0.408008
0.411667
0.415391
0.419194
0.423163
0.427374
0.431915
0.436814
0.442059
0.447658
0.453633
0.460146
0.467215
0.47461
0.482469
0.491241
0.500891
0.51131
0.522802
0.535823
0.550566
0.5672700000000001
0.585881
0.606477
0.629345
0.654235
0.681534
0.7114780000000001
0.742637
0.77428
0.806586
0.839551
0.873326
0.90693
0.9388649999999999
0.96733
0.98995
1.00592
1.01659
1.02377
1.02878
1.03268
1.03607
1.03867
1.04051
1.04216
1.04383
1.04546
1.0469
1.04805
1.04884
1.04916
0.786793
0.262191
1e+16
1e+16
1e+16
1e+16
0.0065079
0.0195615
0.032736
0.0460788
0.0596203
0.07341300000000001
0.0874646
0.101686
0.116035
0.130502
0.145004
0.159443
0.173722
0.187753
0.201471
0.214722
0.227437
0.23963
0.251245
0.262224
0.27256
0.282296
0.291432
0.299977
0.307968
0.315458
0.322482
0.329074
0.335257
0.341069
0.346555
0.351746
0.356668
0.361349
0.365804
0.370048
0.374112
0.378017
0.381773
0.385393
0.388887
0.39227
0.395564
0.398788
0.401959
0.405058
0.408043
0.411086
0.414328
0.417675
0.421103
0.424648
0.42831
0.432111
0.436153
0.44043
0.444887
0.449604
0.454668
0.460097
0.465896
0.47222
0.479075
0.486324
0.494078
0.502627
0.511856
0.521702
0.532603
0.545075
0.5594749999999999
0.575888
0.5940879999999999
0.614142
0.636228
0.660223
0.68704
0.716349
0.7465619999999999
0.777572
0.809209
0.841382
0.874487
0.907403
0.938644
0.966722
0.989177
1.0051
1.0158
1.02307
1.02822
1.03213
1.03549
1.0381
1.03992
1.04151
1.04314
1.04471
1.0461
1.04718
1.04787
1.04808
0.524034
1e+16
1e+16
1e+16
1e+16
1e+16
0.0067462
0.0202764
0.0339292
0.0477531
0.0617805
0.07606739999999999
0.09062249999999999
0.105356
0.120224
0.135221
0.150259
0.165238
0.180056
0.194623
0.208869
0.222633
0.235842
0.248505
0.260566
0.271959
0.282679
0.292768
0.302227
0.311065
0.31932
0.327046
0.33428
0.341058
0.347403
0.353355
0.358964
0.36426
0.36927
0.374025
0.378538
0.382837
0.386961
0.39093
0.394749
0.398428
0.401971
0.405385
0.408699
0.411936
0.415102
0.418168
0.421089
0.424043
0.427183
0.430454
0.433854
0.437394
0.441061
0.444876
0.448898
0.453106
0.457501
0.462202
0.467253
0.472606
0.478286
0.484457
0.491178
0.498341
0.50588
0.513839
0.522431
0.53183
0.542308
0.554435
0.568638
0.5847290000000001
0.6023579999999999
0.62178
0.6432099999999999
0.66653
0.692666
0.721137
0.750416
0.7807190000000001
0.811799
0.843251
0.875597
0.907813
0.938449
0.966105
0.988368
1.00428
1.01499
1.02238
1.02766
1.03161
1.03492
1.03753
1.03933
1.04088
1.04245
1.04397
1.04529
1.04629
1.04688
1.04698
0.523455
1e+16
1e+16
1e+16
1e+16
1e+16
0.00695928
0.020916
0.0349975
0.0492541
0.0637206
0.0784562
0.0934714
0.108676
0.124027
0.139517
0.15506
0.17055
0.185883
0.200965
0.215722
0.229986
0.243678
0.256809
0.269314
0.281127
0.292239
0.302693
0.31249
0.32164
0.33018
0.338166
0.345634
0.352623
0.359154
0.365269
0.371019
0.376437
0.381556
0.386405
0.391001
0.395367
0.399542
0.403543
0.407381
0.411078
0.414646
0.418089
0.421423
0.424665
0.427824
0.430882
0.433796
0.436757
0.439917
0.443205
0.446625
0.450164
0.453806
0.457585
0.461573
0.465769
0.470157
0.474817
0.479827
0.485121
0.490684
0.496639
0.503033
0.509863
0.517075
0.524653
0.532856
0.54186
0.5521200000000001
0.564051
0.577912
0.593556
0.610623
0.629348
0.650084
0.673006
0.698408
0.725838
0.754364
0.783953
0.814364
0.845225
0.876753
0.908143
0.938223
0.96543
0.987528
1.00346
1.01419
1.0217
1.0271
1.0311
1.03438
1.03697
1.03876
1.04025
1.04176
1.04322
1.04447
1.04539
1.04586
0.784562
0.26158
1e+16
1e+16
1e+16
1e+16
1e+16
0.00716295
0.0215283
0.0360225
0.0506984
0.0655932
0.0807687
0.096237
0.111908
0.127737
0.143718
0.159761
0.175759
0.191603
0.207197
0.22246
0.23722
0.251393
0.264986
0.277934
0.290162
0.301662
0.312475
0.322601
0.332048
0.340857
0.349085
0.356771
0.363954
0.37066
0.376929
0.382815
0.388354
0.39358
0.398526
0.403209
0.407648
0.411876
0.415913
0.419769
0.423471
0.427034
0.430468
0.433794
0.437027
0.440179
0.443242
0.446204
0.449249
0.452494
0.455834
0.459263
0.462809
0.466473
0.470256
0.474223
0.478409
0.482762
0.487309
0.492184
0.497388
0.502839
0.508506
0.514421
0.520787
0.527694
0.535102
0.543153
0.552075
0.562288
0.573982
0.587282
0.602278
0.618788
0.636982
0.65711
0.6793630000000001
0.703958
0.730398
0.758332
0.787363
0.81701
0.847315
0.878071
0.908525
0.93795
0.964733
0.986665
1.00259
1.01341
1.02105
1.02655
1.03061
1.03386
1.03642
1.03819
1.03962
1.04107
1.04247
1.04365
1.04448
0.783754
0.261353
1e+16
1e+16
1e+16
1e+16
1e+16
1e+16
0.00735599
0.0221082
0.0369924
0.0520636
0.06736159999999999
0.08295089999999999
0.0988454
0.114955
0.131236
0.147681
0.164198
0.180678
0.197009
0.21309
0.228838
0.244073
0.258708
0.27275
0.286128
0.298764
0.310647
0.321817
0.332272
0.342018
0.351096
0.359566
0.36747
0.37485
0.381733
0.388162
0.394193
0.399858
0.405193
0.41023
0.414989
0.419493
0.423779
0.427869
0.431775
0.435523
0.439138
0.442628
0.446004
0.449268
0.452432
0.455505
0.458496
0.461596
0.464902
0.468296
0.471763
0.475332
0.479007
0.482791
0.486716
0.490827
0.495101
0.499533
0.504229
0.509249
0.514486
0.519844
0.525452
0.53151
0.538106
0.545322
0.553346
0.562338
0.572412
0.583794
0.596662
0.6110640000000001
0.627003
0.6446809999999999
0.6641820000000001
0.685578
0.709294
0.734891
0.762197
0.790735
0.819783
0.8494159999999999
0.879346
0.90904
0.937824
0.964125
0.985814
1.00169
1.01263
1.0204
1.026
1.03013
1.03336
1.03589
1.03763
1.03901
1.04039
1.04171
1.04281
1.04356
0.521916
1e+16
1e+16
1e+16
1e+16
1e+16
1e+16
1e+16
0.00752759
0.0226236
0.0378536
0.0532751
0.06893009999999999
0.08488610000000001
0.101159
0.11766
0.134346
0.15121
0.16816
0.185083
0.201866
0.218403
0.234608
0.250296
0.265374
0.279847
0.293639
0.306669
0.318921
0.330437
0.341213
0.351253
0.360601
0.369319
0.377448
0.385034
0.392103
0.398699
0.404881
0.410686
0.416147
0.421298
0.426156
0.430748
0.435117
0.43929
0.44328
0.447115
0.450819
0.454399
0.457857
0.461191
0.464409
0.46752
0.470533
0.473649
0.47699
0.48044
0.483949
0.487516
0.491187
0.494981
0.498897
0.502963
0.507162
0.5114570000000001
0.515903
0.520618
0.525603
0.5308349999999999
0.5363599999999999
0.5422979999999999
0.548777
0.555887
0.563771
0.572538
0.5822850000000001
0.593309
0.60581
0.619842
0.635279
0.6522019999999999
0.6708769999999999
0.691547
0.714589
0.739502
0.766074
0.793953
0.822608
0.851588
0.880589
0.909556
0.937737
0.963514
0.984899
1.00079
1.01187
1.01975
1.02546
1.02965
1.03288
1.03537
1.03708
1.0384
1.03971
1.04096
1.04197
0.782036
0.260836
1e+16
1e+16
1e+16
1e+16
1e+16
1e+16
1e+16
0.00769431
0.0231245
0.0386914
0.0544543
0.0704577
0.086771
0.103412
0.120292
0.137369
0.154635
0.171998
0.189343
0.206554
0.223521
0.240158
0.25627
0.271763
0.286637
0.300815
0.31421
0.326804
0.338638
0.349707
0.360015
0.369603
0.378535
0.386857
0.394613
0.401833
0.408565
0.414873
0.420799
0.426381
0.431651
0.436628
0.441342
0.445835
0.450131
0.454242
0.458192
0.461998
0.465678
0.46924
0.472687
0.476023
0.47924
0.482332
0.485506
0.488879
0.492333
0.495827
0.499367
0.502992
0.506688
0.510472
0.514451
0.518601
0.522829
0.527142
0.531702
0.536566
0.541686
0.547138
0.553075
0.559518
0.5664979999999999
0.574258
0.582761
0.592094
0.602835
0.615052
0.628603
0.643433
0.659573
0.677356
0.697268
0.719708
0.744079
0.769883
0.797076
0.825332
0.8536820000000001
0.881911
0.91008
0.937568
0.962851
0.983999
0.999982
1.01111
1.01908
1.02494
1.02918
1.0324
1.03486
1.03654
1.0378
1.03903
1.0402
1.04113
0.520755
1e+16
1e+16
1e+16
1e+16
1e+16
1e+16
1e+16
1e+16
0.00785022
0.0235936
0.0394778
0.0555642
0.0718994
0.0885543
0.105549
0.122794
0.140247
0.157903
0.175665
0.193418
0.211042
0.228426
0.245479
0.262001
0.277893
0.293156
0.307707
0.321457
0.334386
0.346536
0.357898
0.368475
0.378309
0.387465
0.395986
0.40392
0.411299
0.418173
0.42461
0.430654
0.436348
0.441729
0.44682
0.451651
0.456262
0.460675
0.464898
0.468956
0.472864
0.476636
0.48029
0.483833
0.487269
0.490586
0.493756
0.496985
0.500394
0.503849
0.507325
0.510835
0.514387
0.517974
0.521652
0.525485
0.529463
0.533603
0.537965
0.542592
0.5474560000000001
0.552535
0.557916
0.563721
0.569982
0.576761
0.5843120000000001
0.5927210000000001
0.602029
0.612498
0.624243
0.637266
0.651595
0.667089
0.683974
0.703017
0.724671
0.748441
0.773602
0.800204
0.827821
0.8554890000000001
0.883206
0.910736
0.937419
0.962131
0.983131
0.999167
1.01034
1.01838
1.02443
1.02873
1.03193
1.03435
1.036
1.03721
1.03835
1.03943
0.780235
0.260266
1e+16
1e+16
1e+16
1e+16
1e+16
1e+16
1e+16
1e+16
0.008001599999999999
0.0240491
0.0402412
0.0566418
0.0732989
0.0902855
0.107623
0.125223
0.143043
0.161078
0.179232
0.197387
0.21542
0.233217
0.250683
0.267614
0.283906
0.299555
0.314477
0.328577
0.341837
0.354296
0.365948
0.376795
0.38688
0.396268
0.405006
0.413139
0.420702
0.427745
0.434336
0.440521
0.446343
0.451844
0.457042
0.461968
0.466664
0.471154
0.475447
0.479564
0.483526
0.48735
0.49105
0.494632
0.498106
0.501461
0.504656
0.507896
0.511317
0.514785
0.518245
0.521705
0.525201
0.5287809999999999
0.532479
0.53627
0.540174
0.5442669999999999
0.548635
0.553315
0.558184
0.563164
0.568411
0.574052
0.580132
0.586765
0.594114
0.602472
0.611764
0.621942
0.633256
0.645697
0.659431
0.674465
0.690842
0.709108
0.729799
0.752744
0.777338
0.803335
0.830121
0.857111
0.884312
0.911308
0.937254
0.961355
0.982173
0.998265
1.00956
1.01767
1.0239
1.02832
1.03148
1.03386
1.03547
1.03662
1.03768
0.77899
0.259884
1e+16
1e+16
1e+16
1e+16
1e+16
1e+16
1e+16
1e+16
1e+16
0.00814757
0.0244881
0.0409766
0.0576787
0.0746444
0.0919481
0.109613
0.127551
0.14572
0.164115
0.18264
0.201176
0.219597
0.237787
0.255648
0.27297
0.289645
0.305667
0.320947
0.335388
0.348968
0.361727
0.373659
0.384765
0.395091
0.404704
0.41365
0.421976
0.429716
0.436922
0.443662
0.449981
0.455924
0.461533
0.46683
0.471844
0.47662
0.481184
0.485544
0.489726
0.493756
0.497646
0.5014
0.5050249999999999
0.508534
0.511912
0.515136
0.518411
0.521864
0.525355
0.52883
0.532287
0.53578
0.539367
0.543076
0.546914
0.550908
0.555074
0.559383
0.563893
0.568591
0.573384
0.578461
0.5840340000000001
0.590043
0.596589
0.603877
0.612035
0.621048
0.630997
0.6420439999999999
0.653907
0.666899
0.681432
0.697481
0.715192
0.735139
0.757271
0.781093
0.806402
0.832476
0.858789
0.885323
0.911749
0.93707
0.960556
0.981109
0.997309
1.00877
1.01694
1.02332
1.02791
1.03107
1.03338
1.03494
1.03603
0.7777230000000001
0.259463
1e+16
1e+16
1e+16
1e+16
1e+16
1e+16
1e+16
1e+16
1e+16
1e+16
0.008280539999999999
0.0248881
0.0416465
0.0586235
0.0758708
0.09346459999999999
0.111429
0.129677
0.148167
0.166893
0.185759
0.204645
0.223423
0.241975
0.260203
0.277891
0.294929
0.31131
0.326942
0.341721
0.355623
0.368685
0.3809
0.392268
0.402833
0.412665
0.421809
0.430316
0.438218
0.445569
0.452437
0.45887
0.464917
0.470621
0.476007
0.481108
0.485971
0.490618
0.495061
0.49933
0.50345
0.50743
0.511277
0.514991
0.518572
0.522008
0.525277
0.528586
0.53207
0.53559
0.53911
0.542648
0.546225
0.549872
0.553631
0.557494
0.5614440000000001
0.565517
0.569732
0.57412
0.578717
0.583493
0.588512
0.5939720000000001
0.599942
0.606424
0.613575
0.621438
0.630152
0.63975
0.650246
0.661716
0.674212
0.688109
0.703702
0.721017
0.740459
0.761892
0.784874
0.809411
0.834905
0.8606239999999999
0.886436
0.912147
0.936828
0.959754
0.980002
0.996287
1.00795
1.01618
1.02268
1.02747
1.03067
1.03292
1.03442
0.776555
0.259052
1e+16
1e+16
1e+16
1e+16
1e+16
1e+16
1e+16
1e+16
1e+16
1e+16
1e+16
0.008412879999999999
0.0252859
0.0423125
0.0595621
0.0770884
0.09496930000000001
0.11323
0.131785
0.150592
0.169647
0.18885
0.208081
0.22721
0.246118
0.264703
0.282747
0.300137
0.316865
0.332835
0.347941
0.362156
0.375515
0.388006
0.399628
0.410425
0.420465
0.429796
0.438471
0.446524
0.454012
0.461007
0.467558
0.473712
0.479509
0.484973
0.490141
0.495063
0.499767
0.504267
0.50859
0.512758
0.516791
0.5207000000000001
0.524478
0.528121
0.53162
0.534952
0.538306
0.541808
0.5453480000000001
0.548903
0.5525099999999999
0.556191
0.559934
0.563757
0.567635
0.571529
0.5755169999999999
0.579681
0.5840689999999999
0.588664
0.593448
0.598532
0.603994
0.6098519999999999
0.616169
0.623065
0.6305809999999999
0.638903
0.6480939999999999
0.6582249999999999
0.669262
0.681168
0.694674
0.709829
0.7266010000000001
0.745526
0.766433
0.788762
0.8123899999999999
0.837199
0.862433
0.887641
0.912543
0.936512
0.958954
0.97893
0.995197
1.00702
1.01541
1.02202
1.02697
1.03027
0.774195
0.517084
0.258684
1e+16
1e+16
1e+16
1e+16
1e+16
1e+16
1e+16
1e+16
1e+16
1e+16
1e+16
1e+16
0.008537589999999999
0.0256613
0.042942
0.0604513
0.07824440000000001
0.0964005
0.114947
0.133798
0.152913
0.172286
0.19182
0.21139
0.230866
0.250126
0.269064
0.287459
0.305194
0.322258
0.338553
0.35397
0.368478
0.382113
0.394864
0.406726
0.417747
0.427994
0.437517
0.446367
0.454579
0.462212
0.469339
0.47601
0.482269
0.488158
0.493699
0.498933
0.50391
0.508661
0.513195
0.51754
0.521715
0.525736
0.529622
0.533393
0.537058
0.540605
0.544004
0.5474560000000001
0.551084
0.554752
0.558423
0.562113
0.565844
0.569619
0.573442
0.577312
0.581227
0.585243
0.589423
0.593838
0.5985
0.603359
0.608494
0.613942
0.619627
0.62568
0.632223
0.639297
0.6472
0.6560820000000001
0.66593
0.676549
0.688148
0.701323
0.715788
0.73186
0.750309
0.770734
0.7924600000000001
0.815252
0.8393699999999999
0.864193
0.8888
0.9129620000000001
0.9362
0.958093
0.977873
0.9941179999999999
1.00604
1.01461
1.02132
1.02644
0.772109
0.257845
1e+16
1e+16
1e+16
1e+16
1e+16
1e+16
1e+16
1e+16
1e+16
1e+16
1e+16
1e+16
1e+16
1e+16
0.008631099999999999
0.0259432
0.0434158
0.0611229
0.0791216
0.0974925
0.116265
0.135356
0.154725
0.174368
0.194188
0.21406
0.233852
0.253439
0.272714
0.29145
0.309524
0.326925
0.343548
0.359281
0.374089
0.388009
0.401024
0.413131
0.424376
0.43483
0.444542
0.453564
0.461933
0.469706
0.47696
0.483746
0.490115
0.496111
0.501759
0.507095
0.512165
0.516995
0.5216
0.526012
0.53025
0.534327
0.5382670000000001
0.542093
0.54582
0.549424
0.552863
0.556375
0.560103
0.563877
0.5676330000000001
0.571374
0.575117
0.5788990000000001
0.582735
0.5866209999999999
0.590602
0.594716
0.599009
0.603527
0.608284
0.6132069999999999
0.618241
0.623498
0.6290249999999999
0.634891
0.641159
0.647986
0.655585
0.663941
0.673175
0.6836140000000001
0.695289
0.707935
0.721648
0.7370719999999999
0.754845
0.774608
0.795805
0.81794
0.841452
0.865965
0.889944
0.913279
0.935854
0.957193
0.976755
0.993072
1.00507
1.01377
0.764767
0.513081
0.257079
1e+16
1e+16
1e+16
1e+16
1e+16
1e+16
1e+16
1e+16
1e+16
1e+16
1e+16
1e+16
1e+16
1e+16
1e+16
0.00871854
0.0262064
0.0438572
0.0617466
0.07993310000000001
0.0984985
0.117474
0.136776
0.156367
0.176242
0.196304
0.216428
0.236481
0.256339
0.275891
0.294908
0.313267
0.330953
0.347859
0.363869
0.378947
0.393127
0.406391
0.418735
0.430202
0.440864
0.450768
0.459967
0.468495
0.476413
0.483799
0.490708
0.497194
0.5033069999999999
0.509074
0.514527
0.519715
0.524664
0.5293870000000001
0.533918
0.538278
0.54248
0.54654
0.550464
0.554269
0.557938
0.561445
0.565036
0.568827
0.572647
0.576447
0.580238
0.584041
0.587873
0.591765
0.5957249999999999
0.599777
0.603976
0.608342
0.612905
0.617651
0.622499
0.627412
0.632501
0.637906
0.643689
0.649821
0.656528
0.664025
0.671995
0.680697
0.690854
0.70225
0.714382
0.72761
0.742402
0.759228
0.778099
0.798665
0.820291
0.8433619999999999
0.867706
0.89122
0.913623
0.935522
0.956378
0.975617
0.991906
0.7518820000000001
0.506674
0.254285
1e+16
1e+16
1e+16
1e+16
1e+16
1e+16
1e+16
1e+16
1e+16
1e+16
1e+16
1e+16
1e+16
1e+16
1e+16
1e+16
1e+16
0.008803389999999999
0.026462
0.0442861
0.0623531
0.08072269999999999
0.09947739999999999
0.118649
0.138156
0.15796
0.178057
0.19835
0.218712
0.23901
0.259116
0.278922
0.298194
0.316806
0.334743
0.351898
0.36815
0.383463
0.39787
0.411353
0.423905
0.435571
0.446422
0.456504
0.46587
0.474556
0.48262
0.490144
0.49718
0.50378
0.509997
0.515865
0.521424
0.526725
0.531793
0.536637
0.541286
0.545764
0.550082
0.554246
0.558261
0.562147
0.565897
0.5694939999999999
0.573186
0.577093
0.58103
0.584954
0.588873
0.592776
0.596654
0.600562
0.604556
0.608657
0.612882
0.61725
0.621798
0.626444
0.6311600000000001
0.636002
0.6409820000000001
0.646258
0.651983
0.658087
0.664699
0.672116
0.680053
0.68858
0.698286
0.709141
0.720843
0.73356
0.7477009999999999
0.763653
0.781467
0.801109
0.8222390000000001
0.845114
0.869316
0.892519
0.914212
0.69894
0.47801
0.487531
0.495632
0.249591
1e+16
1e+16
1e+16
1e+16
1e+16
1e+16
1e+16
1e+16
1e+16
1e+16
1e+16
1e+16
1e+16
1e+16
1e+16
1e+16
1e+16
1e+16
1e+16
0.0088833
0.0267028
0.0446905
0.0629255
0.08146870000000001
0.100404
0.119764
0.139468
0.159479
0.179793
0.200312
0.22091
0.241451
0.261806
0.281864
0.301391
0.320257
0.338446
0.355847
0.37234
0.387886
0.402517
0.416215
0.42897
0.440825
0.451851
0.462094
0.47161
0.480436
0.488632
0.496277
0.503423
0.510123
0.516429
0.522379
0.528017
0.533392
0.538531
0.543444
0.548162
0.552711
0.557106
0.561355
0.565468
0.569461
0.5733239999999999
0.57702
0.580799
0.5848139999999999
0.5888910000000001
0.5929680000000001
0.597016
0.601015
0.604986
0.608976
0.61302
0.617151
0.621367
0.625692
0.630151
0.63469
0.639323
0.644134
0.649119
0.6543099999999999
0.659817
0.665794
0.672463
0.679831
0.68775
0.696277
0.705634
0.716023
0.7273309999999999
0.739603
0.75303
0.767957
0.784808
0.803576
0.824047
0.631842
0.435035
0.446569
0.457284
0.231243
1e+16
1e+16
1e+16
1e+16
1e+16
1e+16
1e+16
1e+16
1e+16
1e+16
1e+16
1e+16
1e+16
1e+16
1e+16
1e+16
1e+16
1e+16
1e+16
1e+16
1e+16
1e+16
1e+16
0.008961129999999999
0.0269371
0.0450841
0.0634813
0.0821916
0.101301
0.120838
0.140726
0.160931
0.181448
0.202176
0.222987
0.243744
0.264316
0.284589
0.304349
0.323443
0.341852
0.359465
0.376159
0.391913
0.406739
0.420625
0.433563
0.445585
0.456764
0.467154
0.476806
0.485767
0.494085
0.501831
0.5090710000000001
0.515863
0.522258
0.528298
0.534019
0.539469
0.544686
0.549683
0.554485
0.559123
0.563611
0.56796
0.572183
0.57629
0.580273
0.5840919999999999
0.587984
0.5921
0.596284
0.600477
0.604641
0.608758
0.612839
0.6168979999999999
0.6209480000000001
0.625034
0.629205
0.6334880000000001
0.637883
0.642397
0.647045
0.65182
0.656745
0.661872
0.667328
0.673384
0.680108
0.687283
0.69498
0.7034
0.532419
0.35972
0.365267
0.371341
0.377864
0.385023
0.393231
0.402415
0.412478
0.208863
1e+16
1e+16
1e+16
1e+16
1e+16
1e+16
1e+16
1e+16
1e+16
1e+16
1e+16
1e+16
1e+16
1e+16
1e+16
1e+16
1e+16
1e+16
1e+16
1e+16
1e+16
1e+16
1e+16
1e+16
1e+16
1e+16
1e+16
0.00449725
0.0135189
0.0226267
0.0318603
0.0412517
0.0508453
0.0606528
0.07063709999999999
0.0807847
0.09109059999999999
0.101504
0.111961
0.122391
0.132728
0.142914
0.152852
0.162454
0.17171
0.180566
0.188957
0.196883
0.20434
0.211325
0.217835
0.223882
0.229504
0.234729
0.239585
0.244098
0.248287
0.252183
0.255827
0.259246
0.262467
0.265512
0.268397
0.271146
0.273782
0.276312
0.278745
0.281098
0.283378
0.285587
0.287728
0.289807
0.291825
0.293766
0.295747
0.297837
0.299957
0.302079
0.304196
0.306287
0.308337
0.310349
0.312343
0.31436
0.316439
0.318594
0.320801
0.323061
0.325401
0.327771
0.33018
0.332729
0.335517
0.338642
0.341995
0.34548
0.349231
0.353387
0.177789
1e+16
1e+16
1e+16
1e+16
1e+16
1e+16
1e+16
1e+16
1e+16
1e+16
1e+16
1e+16
1e+16
1e+16
1e+16
1e+16
1e+16
1e+16
1e+16
1e+16
1e+16
1e+16
1e+16
1e+16
1e+16
1e+16
1e+16
1e+16
1e+16
1e+16
1e+16
1e+16
1e+16
1e+16
1e+16
1e+16
1e+16
1e+16
1e+16
1e+16
1e+16
1e+16
1e+16
1e+16
1e+16
1e+16
1e+16
1e+16
1e+16
1e+16
1e+16
1e+16
1e+16
1e+16
1e+16
1e+16
1e+16
1e+16
1e+16
1e+16
1e+16
1e+16
1e+16
1e+16
1e+16
1e+16
1e+16
1e+16
1e+16
1e+16
1e+16
1e+16
1e+16
1e+16
1e+16
1e+16
1e+16
1e+16
1e+16
1e+16
1e+16
1e+16
1e+16
1e+16
1e+16
1e+16
1e+16
1e+16
1e+16
1e+16
1e+16
1e+16
1e+16
1e+16
1e+16
1e+16
1e+16
1e+16
1e+16
1e+16
1e+16
1e+16
1e+16
1e+16
1e+16
1e+16
1e+16
1e+16
1e+16
1e+16
1e+16
1e+16
1e+16
1e+16
1e+16
1e+16
1e+16
1e+16
1e+16
1e+16
1e+16
1e+16
1e+16
1e+16
1e+16
1e+16
1e+16
1e+16
1e+16
1e+16
1e+16
1e+16
1e+16
1e+16
1e+16
1e+16
1e+16
1e+16
1e+16
1e+16
1e+16
1e+16
1e+16
1e+16
1e+16
1e+16
1e+16
1e+16
1e+16
1e+16
1e+16
1e+16
1e+16
1e+16
1e+16
1e+16
1e+16
1e+16
1e+16
1e+16
1e+16
1e+16
1e+16
1e+16
1e+16
1e+16
1e+16
1e+16
1e+16
1e+16
1e+16
1e+16
1e+16
1e+16
1e+16
1e+16
1e+16
1e+16
1e+16
1e+16
1e+16
1e+16
1e+16
1e+16
1e+16
1e+16
1e+16
1e+16
1e+16
1e+16
1e+16
1e+16
1e+16
1e+16
1e+16
1e+16
1e+16
1e+16
1e+16
1e+16
1e+16
1e+16
1e+16
1e+16
1e+16
1e+16
1e+16
1e+16
1e+16
1e+16
1e+16
1e+16
1e+16
1e+16
1e+16
1e+16
1e+16
1e+16
1e+16
1e+16
1e+16
1e+16
1e+16
1e+16
1e+16
1e+16
1e+16
1e+16
1e+16
1e+16
1e+16
1e+16
1e+16
1e+16
1e+16
1e+16
1e+16
1e+16
1e+16
1e+16
1e+16
1e+16
1e+16
1e+16
1e+16
1e+16
1e+16
1e+16
1e+16
1e+16
1e+16
1e+16
1e+16
1e+16
1e+16
1e+16
1e+16
1e+16
1e+16
1e+16
1e+16
1e+16
1e+16
1e+16
1e+16
1e+16
1e+16
1e+16
1e+16
1e+16
1e+16
1e+16
1e+16
1e+16
1e+16
1e+16
1e+16
1e+16
1e+16
1e+16
1e+16
1e+16
1e+16
1e+16
1e+16
1e+16
1e+16
1e+16
1e+16
1e+16
1e+16
1e+16
1e+16
1e+16
1e+16
1e+16
1e+16
1e+16
1e+16
1e+16
1e+16
1e+16
1e+16
1e+16
1e+16
1e+16
1e+16
1e+16
1e+16
1e+16
1e+16
1e+16
1e+16
1e+16
1e+16
1e+16
1e+16
1e+16
1e+16
1e+16
1e+16
1e+16
1e+16
1e+16
1e+16
1e+16
1e+16
1e+16
1e+16
1e+16
1e+16
1e+16
1e+16
1e+16
1e+16
1e+16
1e+16
1e+16
1e+16
1e+16
1e+16
1e+16
1e+16
1e+16
1e+16
1e+16
1e+16
1e+16
1e+16
1e+16
1e+16
1e+16
1e+16
1e+16
1e+16
1e+16
1e+16
1e+16
1e+16
1e+16
1e+16
1e+16
1e+16
1e+16
1e+16
1e+16
1e+16
1e+16
1e+16
1e+16
1e+16
1e+16
1e+16
1e+16
1e+16
1e+16
1e+16
1e+16
1e+16
1e+16
1e+16
1e+16
1e+16
1e+16
1e+16
1e+16
1e+16
1e+16
1e+16
1e+16
1e+16
1e+16
1e+16
1e+16
1e+16
1e+16
1e+16
1e+16
1e+16
1e+16
1e+16
1e+16
1e+16
1e+16
1e+16
1e+16
1e+16
1e+16
1e+16
1e+16
1e+16
1e+16
1e+16
1e+16
1e+16
1e+16
1e+16
1e+16
1e+16
1e+16
1e+16
1e+16
1e+16
1e+16
1e+16
1e+16
1e+16
1e+16
1e+16
1e+16
1e+16
1e+16
1e+16
1e+16
1e+16
1e+16
1e+16
1e+16
1e+16
1e+16
1e+16
1e+16
1e+16
1e+16
1e+16
1e+16
1e+16
1e+16
1e+16
1e+16
1e+16
1e+16
1e+16
1e+16
1e+16
1e+16
1e+16
1e+16
1e+16
1e+16
1e+16
1e+16
1e+16
1e+16
1e+16
1e+16
1e+16
1e+16
1e+16
1e+16
1e+16
1e+16
1e+16
1e+16
1e+16
1e+16
1e+16
1e+16
1e+16
1e+16
1e+16
1e+16
1e+16
1e+16
1e+16
1e+16
1e+16
1e+16
1e+16
1e+16
1e+16
1e+16
1e+16
1e+16
1e+16
1e+16
1e+16
1e+16
1e+16
1e+16
1e+16
1e+16
1e+16
1e+16
1e+16
1e+16
1e+16
1e+16
1e+16
1e+16
1e+16
1e+16
1e+16
1e+16
1e+16
1e+16
1e+16
1e+16
1e+16
1e+16
1e+16
1e+16
1e+16
1e+16
1e+16
1e+16
1e+16
1e+16
1e+16
1e+16
1e+16
1e+16
1e+16
1e+16
1e+16
1e+16
1e+16
1e+16
1e+16
1e+16
1e+16
1e+16
1e+16
1e+16
1e+16
1e+16
1e+16
1e+16
1e+16
1e+16
1e+16
1e+16
1e+16
1e+16
1e+16
1e+16
1e+16
1e+16
1e+16
1e+16
1e+16
1e+16
1e+16
1e+16
1e+16
1e+16
1e+16
1e+16
1e+16
1e+16
1e+16
1e+16
1e+16
1e+16
1e+16
1e+16
1e+16
1e+16
1e+16
1e+16
1e+16
1e+16
1e+16
1e+16
1e+16
1e+16
1e+16
1e+16
1e+16
1e+16
1e+16
1e+16
1e+16
1e+16
1e+16
1e+16
1e+16
1e+16
1e+16
1e+16
1e+16
1e+16
1e+16
1e+16
1e+16
1e+16
1e+16
1e+16
1e+16
1e+16
1e+16
1e+16
1e+16
1e+16
1e+16
1e+16
1e+16
1e+16
1e+16
1e+16
1e+16
1e+16
1e+16
1e+16
1e+16
1e+16
1e+16
1e+16
1e+16
1e+16
1e+16
1e+16
1e+16
1e+16
1e+16
1e+16
1e+16
1e+16
1e+16
1e+16
1e+16
1e+16
1e+16
1e+16
1e+16
1e+16
1e+16
1e+16
1e+16
1e+16
1e+16
1e+16
1e+16
1e+16
1e+16
1e+16
1e+16
1e+16
1e+16
1e+16
1e+16
1e+16
1e+16
1e+16
1e+16
1e+16
1e+16
1e+16
1e+16
1e+16
1e+16
1e+16
1e+16
1e+16
1e+16
1e+16
1e+16
1e+16
1e+16
1e+16
1e+16
1e+16
1e+16
1e+16
1e+16
1e+16
1e+16
1e+16
1e+16
1e+16
1e+16
1e+16
1e+16
1e+16
1e+16
1e+16
1e+16
1e+16
1e+16
1e+16
1e+16
1e+16
1e+16
1e+16
1e+16
1e+16
1e+16
1e+16
1e+16
1e+16
1e+16
1e+16
1e+16
1e+16
1e+16
1e+16
1e+16
1e+16
1e+16
1e+16
1e+16
1e+16
1e+16
1e+16
1e+16
1e+16
1e+16
1e+16
1e+16
1e+16
1e+16
1e+16
1e+16
1e+16
1e+16
1e+16
1e+16
1e+16
1e+16
1e+16
1e+16
1e+16
1e+16
1e+16
1e+16
1e+16
1e+16
1e+16
1e+16
1e+16
1e+16
1e+16
1e+16
1e+16
1e+16
1e+16
1e+16
1e+16
1e+16
1e+16
1e+16
1e+16
1e+16
1e+16
1e+16
1e+16
1e+16
1e+16
1e+16
1e+16
1e+16
1e+16
1e+16
1e+16
1e+16
1e+16
1e+16
1e+16
1e+16
1e+16
1e+16
1e+16
1e+16
1e+16
1e+16
1e+16
1e+16
1e+16
1e+16
1e+16
1e+16
1e+16
1e+16
1e+16
1e+16
1e+16
1e+16
1e+16
1e+16
1e+16
1e+16
1e+16
1e+16
1e+16
1e+16
1e+16
1e+16
1e+16
1e+16
1e+16
1e+16
1e+16
1e+16
1e+16
1e+16
1e+16
1e+16
1e+16
1e+16
1e+16
1e+16
1e+16
1e+16
1e+16
1e+16
1e+16
1e+16
1e+16
1e+16
1e+16
1e+16
1e+16
1e+16
1e+16
1e+16
1e+16
1e+16
1e+16
1e+16
1e+16
1e+16
1e+16
1e+16
1e+16
1e+16
1e+16
1e+16
1e+16
1e+16
1e+16
1e+16
1e+16
1e+16
1e+16
1e+16
1e+16
1e+16
1e+16
1e+16
1e+16
1e+16
1e+16
1e+16
1e+16
1e+16
1e+16
1e+16
1e+16
1e+16
1e+16
1e+16
1e+16
1e+16
1e+16
1e+16
1e+16
1e+16
1e+16
1e+16
1e+16
1e+16
1e+16
1e+16
1e+16
1e+16
1e+16
1e+16
1e+16
1e+16
1e+16
1e+16
1e+16
1e+16
1e+16
1e+16
1e+16
1e+16
1e+16
1e+16
1e+16
1e+16
1e+16
1e+16
1e+16
1e+16
1e+16
1e+16
1e+16
1e+16
1e+16
1e+16
1e+16
1e+16
1e+16
1e+16
1e+16
1e+16
1e+16
1e+16
1e+16
1e+16
1e+16
1e+16
1e+16
1e+16
1e+16
1e+16
1e+16
1e+16
1e+16
1e+16
1e+16
1e+16
1e+16
1e+16
1e+16
1e+16
1e+16
1e+16
1e+16
1e+16
1e+16
1e+16
1e+16
1e+16
1e+16
1e+16
1e+16
1e+16
1e+16
1e+16
1e+16
1e+16
1e+16
1e+16
1e+16
1e+16
1e+16
1e+16
1e+16
1e+16
1e+16
1e+16
1e+16
1e+16
1e+16
1e+16
1e+16
1e+16
1e+16
1e+16
1e+16
1e+16
1e+16
1e+16
1e+16
1e+16
1e+16
1e+16
1e+16
1e+16
1e+16
1e+16
1e+16
1e+16
1e+16
1e+16
1e+16
1e+16
1e+16
1e+16
1e+16
1e+16
1e+16
1e+16
1e+16
1e+16
1e+16
1e+16
1e+16
1e+16
1e+16
1e+16
1e+16
1e+16
1e+16
1e+16
1e+16
1e+16
1e+16
1e+16
1e+16
1e+16
1e+16
1e+16
1e+16
1e+16
1e+16
1e+16
1e+16
1e+16
1e+16
1e+16
1e+16
1e+16
1e+16
1e+16
1e+16
1e+16
1e+16
1e+16
1e+16
1e+16
1e+16
1e+16
1e+16
1e+16
1e+16
1e+16
1e+16
1e+16
1e+16
1e+16
1e+16
1e+16
1e+16
1e+16
1e+16
1e+16
1e+16
1e+16
1e+16
1e+16
1e+16
1e+16
1e+16
1e+16
1e+16
1e+16
1e+16
1e+16
1e+16
1e+16
1e+16
1e+16
1e+16
1e+16
1e+16
1e+16
1e+16
1e+16
1e+16
1e+16
1e+16
1e+16
1e+16
1e+16
1e+16
1e+16
1e+16
1e+16
1e+16
1e+16
1e+16
1e+16
1e+16
1e+16
1e+16
1e+16
1e+16
1e+16
1e+16
1e+16
1e+16
1e+16
1e+16
1e+16
1e+16
1e+16
1e+16
1e+16
1e+16
1e+16
1e+16
1e+16
1e+16
1e+16
1e+16
1e+16
1e+16
1e+16
1e+16
1e+16
1e+16
1e+16
1e+16
1e+16
1e+16
1e+16
1e+16
1e+16
1e+16
1e+16
1e+16
1e+16
1e+16
1e+16
1e+16
1e+16
1e+16
1e+16
1e+16
1e+16
1e+16
1e+16
1e+16
1e+16
1e+16
1e+16
1e+16
1e+16
1e+16
1e+16
1e+16
1e+16
1e+16
1e+16
1e+16
1e+16
1e+16
1e+16
1e+16
1e+16
1e+16
1e+16
1e+16
1e+16
1e+16
1e+16
1e+16
1e+16
1e+16
1e+16
1e+16
1e+16
1e+16
1e+16
1e+16
1e+16
1e+16
1e+16
1e+16
1e+16
1e+16
1e+16
1e+16
1e+16
1e+16
1e+16
1e+16
1e+16
1e+16
1e+16
1e+16
1e+16
1e+16
1e+16
1e+16
1e+16
1e+16
1e+16
1e+16
1e+16
1e+16
1e+16
1e+16
1e+16
1e+16
1e+16
1e+16
1e+16
1e+16
1e+16
1e+16
1e+16
1e+16
1e+16
1e+16
1e+16
1e+16
1e+16
1e+16
1e+16
1e+16
1e+16
1e+16
1e+16
1e+16
1e+16
1e+16
1e+16
1e+16
1e+16
1e+16
1e+16
1e+16
1e+16
1e+16
1e+16
1e+16
1e+16
1e+16
1e+16
1e+16
1e+16
1e+16
1e+16
1e+16
1e+16
1e+16
1e+16
1e+16
1e+16
1e+16
1e+16
1e+16
1e+16
1e+16
1e+16
1e+16
1e+16
1e+16
1e+16
1e+16
1e+16
1e+16
1e+16
1e+16
1e+16
1e+16
1e+16
1e+16
1e+16
1e+16
1e+16
1e+16
1e+16
1e+16
1e+16
1e+16
1e+16
1e+16
1e+16
1e+16
1e+16
1e+16
1e+16
1e+16
1e+16
1e+16
1e+16
1e+16
1e+16
1e+16
1e+16
1e+16
1e+16
1e+16
1e+16
1e+16
1e+16
1e+16
1e+16
1e+16
1e+16
1e+16
1e+16
1e+16
1e+16
1e+16
1e+16
1e+16
1e+16
1e+16
1e+16
1e+16
1e+16
1e+16
1e+16
1e+16
1e+16
1e+16
1e+16
1e+16
1e+16
1e+16
1e+16
1e+16
1e+16
1e+16
1e+16
1e+16
1e+16
1e+16
1e+16
1e+16
1e+16
1e+16
1e+16
1e+16
1e+16
1e+16
1e+16
1e+16
1e+16
1e+16
1e+16
1e+16
1e+16
1e+16
1e+16
1e+16
1e+16
1e+16
1e+16
1e+16
1e+16
1e+16
1e+16
1e+16
1e+16
1e+16
1e+16
1e+16
1e+16
1e+16
1e+16
1e+16
1e+16
1e+16
1e+16
1e+16
1e+16
1e+16
1e+16
1e+16
1e+16
1e+16
1e+16
1e+16
1e+16
1e+16
1e+16
1e+16
1e+16
1e+16
1e+16
1e+16
1e+16
1e+16
1e+16
1e+16
1e+16
1e+16
1e+16
1e+16
1e+16
1e+16
1e+16
1e+16
1e+16
1e+16
1e+16
1e+16
1e+16
1e+16
1e+16
1e+16
1e+16
1e+16
1e+16
1e+16
1e+16
1e+16
1e+16
1e+16
1e+16
1e+16
1e+16
1e+16
1e+16
1e+16
1e+16
1e+16
1e+16
1e+16
1e+16
1e+16
1e+16
1e+16
1e+16
1e+16
1e+16
1e+16
1e+16
1e+16
1e+16
1e+16
1e+16
1e+16
1e+16
1e+16
1e+16
1e+16
1e+16
1e+16
1e+16
1e+16
1e+16
1e+16
1e+16
1e+16
1e+16
1e+16
1e+16
1e+16
1e+16
1e+16
1e+16
1e+16
1e+16
1e+16
1e+16
1e+16
1e+16
1e+16
1e+16
1e+16
1e+16
1e+16
1e+16
1e+16
1e+16
1e+16
1e+16
1e+16
1e+16
1e+16
1e+16
1e+16
1e+16
1e+16
1e+16
1e+16
1e+16
1e+16
1e+16
1e+16
1e+16
1e+16
1e+16
1e+16
1e+16
1e+16
1e+16
1e+16
1e+16
1e+16
1e+16
1e+16
1e+16
1e+16
1e+16
1e+16
1e+16
1e+16
1e+16
1e+16
1e+16
1e+16
1e+16
1e+16
1e+16
1e+16
1e+16
1e+16
1e+16
1e+16
1e+16
1e+16
1e+16
1e+16
1e+16
1e+16
1e+16
1e+16
1e+16
1e+16
1e+16
1e+16
1e+16
1e+16
1e+16
1e+16
1e+16
1e+16
1e+16
1e+16
1e+16
1e+16
1e+16
1e+16
1e+16
1e+16
1e+16
1e+16
1e+16
1e+16
1e+16
1e+16
1e+16
1e+16
1e+16
1e+16
1e+16
1e+16
1e+16
1e+16
1e+16
1e+16
1e+16
1e+16
1e+16
1e+16
1e+16
1e+16
1e+16
1e+16
1e+16
1e+16
1e+16
1e+16
1e+16
1e+16
1e+16
1e+16
1e+16
1e+16
1e+16
1e+16
1e+16
1e+16
1e+16
1e+16
1e+16
1e+16
1e+16
1e+16
1e+16
1e+16
1e+16
1e+16
1e+16
1e+16
1e+16
1e+16
1e+16
1e+16
1e+16
1e+16
1e+16
1e+16
1e+16
1e+16
1e+16
1e+16
1e+16
1e+16
1e+16
1e+16
1e+16
1e+16
1e+16
1e+16
1e+16
1e+16
1e+16
1e+16
1e+16
1e+16
1e+16
1e+16
1e+16
1e+16
1e+16
1e+16
1e+16
1e+16
1e+16
1e+16
1e+16
1e+16
1e+16
1e+16
1e+16
1e+16
1e+16
1e+16
1e+16
1e+16
1e+16
1e+16
1e+16
1e+16
1e+16
1e+16
1e+16
1e+16
1e+16
1e+16
1e+16
1e+16
1e+16
1e+16
1e+16
1e+16
1e+16
1e+16
1e+16
1e+16
1e+16
1e+16
1e+16
1e+16
1e+16
1e+16
1e+16
1e+16
1e+16
1e+16
1e+16
1e+16
1e+16
1e+16
1e+16
1e+16
1e+16
1e+16
1e+16
1e+16
1e+16
1e+16
1e+16
1e+16
1e+16
1e+16
1e+16
1e+16
1e+16
1e+16
1e+16
1e+16
1e+16
1e+16
1e+16
1e+16
1e+16
1e+16
1e+16
1e+16
1e+16
1e+16
1e+16
1e+16
1e+16
1e+16
1e+16
1e+16
1e+16
1e+16
1e+16
1e+16
1e+16
1e+16
1e+16
1e+16
1e+16
1e+16
1e+16
1e+16
1e+16
1e+16
1e+16
1e+16
1e+16
1e+16
1e+16
1e+16
1e+16
1e+16
1e+16
1e+16
1e+16
1e+16
1e+16
1e+16
1e+16
1e+16
1e+16
1e+16
1e+16
1e+16
1e+16
1e+16
1e+16
1e+16
1e+16
1e+16
1e+16
1e+16
1e+16
1e+16
1e+16
1e+16
1e+16
1e+16
1e+16
1e+16
1e+16
1e+16
1e+16
1e+16
1e+16
1e+16
1e+16
1e+16
1e+16
1e+16
1e+16
1e+16
1e+16
1e+16
1e+16
1e+16
1e+16
1e+16
1e+16
1e+16
1e+16
1e+16
1e+16
1e+16
1e+16
1e+16
1e+16
1e+16
1e+16
1e+16
1e+16
1e+16
1e+16
1e+16
1e+16
1e+16
1e+16
1e+16
1e+16
1e+16
1e+16
1e+16
1e+16
1e+16
1e+16
1e+16
1e+16
1e+16
1e+16
1e+16
1e+16
1e+16
1e+16
1e+16
1e+16
1e+16
1e+16
1e+16
1e+16
1e+16
1e+16
1e+16
1e+16
1e+16
1e+16
1e+16
1e+16
1e+16
1e+16
1e+16
1e+16
1e+16
1e+16
1e+16
1e+16
1e+16
1e+16
1e+16
1e+16
1e+16
1e+16
1e+16
1e+16
1e+16
1e+16
1e+16
1e+16
1e+16
1e+16
1e+16
1e+16
1e+16
1e+16
1e+16
1e+16
1e+16
1e+16
1e+16
1e+16
1e+16
1e+16
1e+16
1e+16
1e+16
1e+16
1e+16
1e+16
1e+16
1e+16
1e+16
1e+16
1e+16
1e+16
1e+16
1e+16
1e+16
1e+16
1e+16
1e+16
1e+16
1e+16
1e+16
1e+16
1e+16
1e+16
1e+16
1e+16
1e+16
1e+16
1e+16
1e+16
1e+16
1e+16
1e+16
1e+16
1e+16
1e+16
1e+16
1e+16
1e+16
1e+16
1e+16
1e+16
1e+16
1e+16
1e+16
1e+16
1e+16
1e+16
1e+16
1e+16
1e+16
1e+16
1e+16
1e+16
1e+16
1e+16
1e+16
1e+16
1e+16
1e+16
1e+16
1e+16
1e+16
1e+16
1e+16
1e+16
1e+16
1e+16
1e+16
1e+16
1e+16
1e+16
1e+16
1e+16
1e+16
1e+16
1e+16
1e+16
1e+16
1e+16
1e+16
1e+16
1e+16
1e+16
1e+16
1e+16
1e+16
1e+16
1e+16
1e+16
1e+16
1e+16
1e+16
1e+16
1e+16
1e+16
1e+16
1e+16
1e+16
1e+16
1e+16
1e+16
1e+16
1e+16
1e+16
1e+16
1e+16
1e+16
1e+16
1e+16
1e+16
1e+16
1e+16
1e+16
1e+16
1e+16
1e+16
1e+16
1e+16
1e+16
1e+16
1e+16
1e+16
1e+16
1e+16
1e+16
1e+16
1e+16
1e+16
1e+16
1e+16
1e+16
1e+16
1e+16
1e+16
1e+16
1e+16
1e+16
1e+16
1e+16
1e+16
1e+16
1e+16
1e+16
1e+16
1e+16
1e+16
1e+16
1e+16
1e+16
1e+16
1e+16
1e+16
1e+16
1e+16
1e+16
1e+16
1e+16
1e+16
1e+16
1e+16
1e+16
1e+16
1e+16
1e+16
1e+16
1e+16
1e+16
1e+16
1e+16
1e+16
1e+16
1e+16
1e+16
1e+16
1e+16
1e+16
1e+16
1e+16
1e+16
1e+16
1e+16
1e+16
1e+16
1e+16
1e+16
1e+16
1e+16
1e+16
1e+16
1e+16
1e+16
1e+16
1e+16
1e+16
1e+16
1e+16
1e+16
1e+16
1e+16
1e+16
1e+16
1e+16
1e+16
1e+16
1e+16
1e+16
1e+16
1e+16
1e+16
1e+16
1e+16
1e+16
1e+16
1e+16
1e+16
1e+16
1e+16
1e+16
1e+16
1e+16
1e+16
1e+16
1e+16
1e+16
1e+16
1e+16
1e+16
1e+16
1e+16
1e+16
1e+16
1e+16
1e+16
1e+16
1e+16
1e+16
1e+16
1e+16
1e+16
1e+16
1e+16
1e+16
1e+16
1e+16
1e+16
1e+16
1e+16
1e+16
1e+16
1e+16
1e+16
1e+16
1e+16
1e+16
1e+16
1e+16
1e+16
1e+16
1e+16
1e+16
1e+16
1e+16
1e+16
1e+16
1e+16
1e+16
1e+16
1e+16
1e+16
1e+16
1e+16
1e+16
1e+16
1e+16
1e+16
1e+16
1e+16
1e+16
1e+16
1e+16
1e+16
1e+16
1e+16
1e+16
1e+16
1e+16
1e+16
1e+16
1e+16
1e+16
1e+16
1e+16
1e+16
1e+16
1e+16
1e+16
1e+16
1e+16
1e+16
1e+16
1e+16
1e+16
1e+16
1e+16
1e+16
1e+16
1e+16
1e+16
1e+16
1e+16
1e+16
1e+16
1e+16
1e+16
1e+16
1e+16
1e+16
1e+16
1e+16
1e+16
1e+16
1e+16
1e+16
1e+16
1e+16
1e+16
1e+16
1e+16
1e+16
1e+16
1e+16
1e+16
1e+16
1e+16
1e+16
1e+16
1e+16
1e+16
1e+16
1e+16
1e+16
1e+16
1e+16
1e+16
1e+16
1e+16
1e+16
1e+16
1e+16
1e+16
1e+16
1e+16
1e+16
1e+16
1e+16
1e+16
1e+16
1e+16
1e+16
1e+16
1e+16
1e+16
1e+16
1e+16
1e+16
1e+16
1e+16
1e+16
1e+16
1e+16
1e+16
1e+16
1e+16
1e+16
1e+16
1e+16
1e+16
1e+16
1e+16
1e+16
1e+16
1e+16
1e+16
1e+16
1e+16
1e+16
1e+16
1e+16
1e+16
1e+16
1e+16
1e+16
1e+16
1e+16
1e+16
1e+16
1e+16
1e+16
1e+16
1e+16
1e+16
1e+16
1e+16
1e+16
1e+16
1e+16
1e+16
1e+16
1e+16
1e+16
1e+16
1e+16
1e+16
1e+16
1e+16
1e+16
1e+16
1e+16
1e+16
1e+16
1e+16
1e+16
1e+16
1e+16
1e+16
1e+16
1e+16
1e+16
1e+16
1e+16
1e+16
1e+16
1e+16
1e+16
1e+16
1e+16
1e+16
1e+16
1e+16
1e+16
1e+16
1e+16
1e+16
1e+16
1e+16
1e+16
1e+16
1e+16
1e+16
1e+16
1e+16
1e+16
1e+16
1e+16
1e+16
1e+16
1e+16
1e+16
1e+16
1e+16
1e+16
1e+16
1e+16
1e+16
1e+16
1e+16
1e+16
1e+16
1e+16
1e+16
1e+16
1e+16
1e+16
1e+16
1e+16
1e+16
1e+16
1e+16
1e+16
1e+16
1e+16
1e+16
1e+16
1e+16
1e+16
1e+16
1e+16
1e+16
1e+16
1e+16
1e+16
1e+16
1e+16
1e+16
1e+16
1e+16
1e+16
1e+16
1e+16
1e+16
1e+16
1e+16
1e+16
1e+16
1e+16
1e+16
1e+16
1e+16
1e+16
1e+16
1e+16
1e+16
1e+16
1e+16
1e+16
1e+16
1e+16
1e+16
1e+16
1e+16
1e+16
1e+16
1e+16
1e+16
1e+16
1e+16
1e+16
1e+16
1e+16
1e+16
1e+16
1e+16
1e+16
1e+16
1e+16
1e+16
1e+16
1e+16
1e+16
1e+16
1e+16
1e+16
1e+16
1e+16
1e+16
1e+16
1e+16
1e+16
1e+16
1e+16
1e+16
1e+16
1e+16
1e+16
1e+16
1e+16
1e+16
1e+16
1e+16
1e+16
1e+16
1e+16
1e+16
1e+16
1e+16
1e+16
1e+16
1e+16
1e+16
1e+16
1e+16
1e+16
1e+16
1e+16
1e+16
1e+16
1e+16
1e+16
1e+16
1e+16
1e+16
1e+16
1e+16
1e+16
1e+16
1e+16
1e+16
1e+16
1e+16
1e+16
1e+16
1e+16
1e+16
1e+16
1e+16
1e+16
1e+16
1e+16
1e+16
1e+16
1e+16
1e+16
1e+16
1e+16
1e+16
1e+16
1e+16
1e+16
1e+16
1e+16
1e+16
1e+16
1e+16
1e+16
1e+16
1e+16
1e+16
1e+16
1e+16
1e+16
1e+16
1e+16
1e+16
1e+16
1e+16
1e+16
1e+16
1e+16
1e+16
1e+16
1e+16
1e+16
1e+16
1e+16
1e+16
1e+16
1e+16
1e+16
1e+16
1e+16
1e+16
1e+16
1e+16
1e+16
1e+16
1e+16
1e+16
1e+16
1e+16
1e+16
1e+16
1e+16
1e+16
1e+16
1e+16
1e+16
1e+16
1e+16
1e+16
1e+16
1e+16
1e+16
1e+16
1e+16
1e+16
1e+16
1e+16
1e+16
1e+16
1e+16
1e+16
1e+16
1e+16
1e+16
1e+16
1e+16
1e+16
1e+16
1e+16
1e+16
1e+16
1e+16
1e+16
1e+16
1e+16
1e+16
1e+16
1e+16
1e+16
1e+16
1e+16
1e+16
1e+16
1e+16
1e+16
1e+16
1e+16
1e+16
1e+16
1e+16
1e+16
1e+16
1e+16
1e+16
1e+16
1e+16
1e+16
1e+16
1e+16
1e+16
1e+16
1e+16
1e+16
1e+16
1e+16
1e+16
1e+16
1e+16
1e+16
1e+16
1e+16
1e+16
1e+16
1e+16
1e+16
1e+16
1e+16
1e+16
1e+16
1e+16
1e+16
1e+16
1e+16
1e+16
1e+16
1e+16
1e+16
1e+16
1e+16
1e+16
1e+16
1e+16
1e+16
1e+16
1e+16
1e+16
1e+16
1e+16
1e+16
1e+16
1e+16
1e+16
1e+16
1e+16
1e+16
1e+16
1e+16
1e+16
1e+16
1e+16
1e+16
1e+16
1e+16
1e+16
1e+16
1e+16
1e+16
1e+16
1e+16
1e+16
1e+16
1e+16
1e+16
1e+16
1e+16
1e+16
1e+16
1e+16
1e+16
1e+16
1e+16
1e+16
1e+16
1e+16
1e+16
1e+16
1e+16
1e+16
1e+16
1e+16
1e+16
1e+16
1e+16
1e+16
1e+16
1e+16
1e+16
1e+16
1e+16
1e+16
1e+16
1e+16
1e+16
1e+16
1e+16
1e+16
1e+16
1e+16
1e+16
1e+16
1e+16
1e+16
1e+16
1e+16
1e+16
1e+16
1e+16
1e+16
1e+16
1e+16
1e+16
1e+16
1e+16
1e+16
1e+16
1e+16
1e+16
1e+16
1e+16
1e+16
1e+16
1e+16
1e+16
1e+16
1e+16
1e+16
1e+16
1e+16
1e+16
1e+16
1e+16
1e+16
1e+16
1e+16
1e+16
1e+16
1e+16
1e+16
1e+16
1e+16
1e+16
1e+16
1e+16
1e+16
1e+16
1e+16
1e+16
1e+16
1e+16
1e+16
1e+16
1e+16
1e+16
1e+16
1e+16
1e+16
1e+16
1e+16
1e+16
1e+16
1e+16
1e+16
1e+16
1e+16
1e+16
1e+16
1e+16
1e+16
1e+16
1e+16
1e+16
1e+16
1e+16
1e+16
1e+16
1e+16
1e+16
1e+16
1e+16
1e+16
1e+16
1e+16
1e+16
1e+16
1e+16
1e+16
1e+16
1e+16
1e+16
1e+16
1e+16
1e+16
1e+16
1e+16
1e+16
1e+16
1e+16
1e+16
1e+16
1e+16
1e+16
1e+16
1e+16
1e+16
1e+16
1e+16
1e+16
1e+16
1e+16
1e+16
1e+16
1e+16
1e+16
1e+16
1e+16
1e+16
1e+16
1e+16
1e+16
1e+16
1e+16
1e+16
1e+16
1e+16
1e+16
1e+16
1e+16
1e+16
1e+16
1e+16
1e+16
1e+16
1e+16
1e+16
1e+16
1e+16
1e+16
1e+16
1e+16
1e+16
1e+16
1e+16
1e+16
1e+16
1e+16
1e+16
1e+16
1e+16
1e+16
1e+16
1e+16
1e+16
1e+16
1e+16
1e+16
1e+16
1e+16
1e+16
1e+16
1e+16
1e+16
1e+16
1e+16
1e+16
1e+16
1e+16
1e+16
1e+16
1e+16
1e+16
1e+16
1e+16
1e+16
1e+16
1e+16
1e+16
1e+16
1e+16
1e+16
1e+16
1e+16
1e+16
1e+16
1e+16
1e+16
1e+16
1e+16
1e+16
1e+16
1e+16
1e+16
1e+16
1e+16
1e+16
1e+16
1e+16
1e+16
1e+16
1e+16
1e+16
1e+16
1e+16
1e+16
1e+16
1e+16
1e+16
1e+16
1e+16
1e+16
1e+16
1e+16
1e+16
1e+16
1e+16
1e+16
1e+16
1e+16
1e+16
1e+16
1e+16
1e+16
1e+16
1e+16
1e+16
1e+16
1e+16
1e+16
1e+16
1e+16
1e+16
1e+16
1e+16
1e+16
1e+16
1e+16
1e+16
1e+16
1e+16
1e+16
1e+16
1e+16
1e+16
1e+16
1e+16
1e+16
1e+16
1e+16
1e+16
1e+16
1e+16
1e+16
1e+16
1e+16
1e+16
1e+16
1e+16
1e+16
1e+16
1e+16
1e+16
1e+16
1e+16
1e+16
1e+16
1e+16
1e+16
1e+16
1e+16
1e+16
1e+16
1e+16
1e+16
1e+16
1e+16
1e+16
1e+16
1e+16
1e+16
1e+16
1e+16
1e+16
1e+16
1e+16
1e+16
1e+16
1e+16
1e+16
1e+16
1e+16
1e+16
1e+16
1e+16
1e+16
1e+16
1e+16
1e+16
1e+16
1e+16
1e+16
1e+16
1e+16
1e+16
1e+16
1e+16
1e+16
1e+16
1e+16
1e+16
1e+16
1e+16
1e+16
1e+16
1e+16
1e+16
1e+16
1e+16
1e+16
1e+16
1e+16
1e+16
1e+16
1e+16
1e+16
1e+16
1e+16
1e+16
1e+16
1e+16
1e+16
1e+16
1e+16
1e+16
1e+16
1e+16
1e+16
1e+16
1e+16
1e+16
1e+16
1e+16
1e+16
1e+16
1e+16
1e+16
1e+16
1e+16
1e+16
1e+16
1e+16
1e+16
1e+16
1e+16
1e+16
1e+16
1e+16
1e+16
1e+16
1e+16
1e+16
1e+16
1e+16
1e+16
1e+16
1e+16
1e+16
1e+16
1e+16
1e+16
1e+16
1e+16
1e+16
1e+16
1e+16
1e+16
1e+16
1e+16
1e+16
1e+16
1e+16
1e+16
1e+16
1e+16
1e+16
1e+16
1e+16
1e+16
1e+16
1e+16
1e+16
1e+16
1e+16
1e+16
1e+16
1e+16
1e+16
1e+16
1e+16
1e+16
1e+16
1e+16
1e+16
1e+16
1e+16
1e+16
1e+16
1e+16
1e+16
1e+16
1e+16
1e+16
1e+16
1e+16
1e+16
1e+16
1e+16
1e+16
1e+16
1e+16
1e+16
1e+16
1e+16
1e+16
1e+16
1e+16
1e+16
1e+16
1e+16
1e+16
1e+16
1e+16
1e+16
1e+16
1e+16
1e+16
1e+16
1e+16
1e+16
1e+16
1e+16
1e+16
1e+16
1e+16
1e+16
1e+16
1e+16
1e+16
1e+16
1e+16
1e+16
1e+16
1e+16
1e+16
1e+16
1e+16
1e+16
1e+16
1e+16
1e+16
1e+16
1e+16
1e+16
1e+16
1e+16
1e+16
1e+16
1e+16
1e+16
1e+16
1e+16
1e+16
1e+16
1e+16
1e+16
1e+16
1e+16
1e+16
1e+16
1e+16
1e+16
1e+16
1e+16
1e+16
1e+16
1e+16
1e+16
1e+16
1e+16
1e+16
1e+16
1e+16
1e+16
1e+16
1e+16
1e+16
1e+16
1e+16
1e+16
1e+16
1e+16
1e+16
1e+16
1e+16
1e+16
1e+16
1e+16
1e+16
1e+16
1e+16
1e+16
1e+16
1e+16
1e+16
1e+16
1e+16
1e+16
1e+16
1e+16
1e+16
1e+16
1e+16
1e+16
1e+16
1e+16
1e+16
1e+16
1e+16
1e+16
1e+16
1e+16
1e+16
1e+16
1e+16
1e+16
1e+16
1e+16
1e+16
1e+16
1e+16
1e+16
1e+16
1e+16
1e+16
1e+16
1e+16
1e+16
1e+16
1e+16
1e+16
1e+16
1e+16
1e+16
1e+16
1e+16
1e+16
1e+16
1e+16
1e+16
1e+16
1e+16
1e+16
1e+16
1e+16
1e+16
1e+16
1e+16
1e+16
1e+16
1e+16
1e+16
1e+16
1e+16
1e+16
1e+16
1e+16
1e+16
1e+16
1e+16
1e+16
1e+16
1e+16
1e+16
1e+16
1e+16
1e+16
1e+16
1e+16
1e+16
1e+16
1e+16
1e+16
1e+16
1e+16
1e+16
1e+16
1e+16
1e+16
1e+16
1e+16
1e+16
1e+16
1e+16
1e+16
1e+16
1e+16
1e+16
1e+16
1e+16
1e+16
1e+16
1e+16
1e+16
1e+16
1e+16
1e+16
1e+16
1e+16
1e+16
1e+16
1e+16
1e+16
1e+16
1e+16
1e+16
1e+16
1e+16
1e+16
1e+16
1e+16
1e+16
1e+16
1e+16
1e+16
1e+16
1e+16
1e+16
1e+16
1e+16
1e+16
1e+16
1e+16
1e+16
1e+16
1e+16
1e+16
1e+16
1e+16
1e+16
1e+16
1e+16
1e+16
1e+16
1e+16
1e+16
1e+16
1e+16
1e+16
1e+16
1e+16
1e+16
1e+16
1e+16
1e+16
1e+16
1e+16
1e+16
1e+16
1e+16
1e+16
1e+16
1e+16
1e+16
1e+16
1e+16
1e+16
1e+16
1e+16
1e+16
1e+16
1e+16
1e+16
1e+16
1e+16
1e+16
1e+16
1e+16
1e+16
1e+16
1e+16
1e+16
1e+16
1e+16
1e+16
1e+16
1e+16
1e+16
1e+16
1e+16
1e+16
1e+16
1e+16
1e+16
1e+16
1e+16
1e+16
1e+16
1e+16
1e+16
1e+16
1e+16
1e+16
1e+16
1e+16
1e+16
1e+16
1e+16
1e+16
1e+16
1e+16
1e+16
1e+16
1e+16
1e+16
1e+16
1e+16
1e+16
1e+16
1e+16
1e+16
1e+16
1e+16
1e+16
1e+16
1e+16
1e+16
1e+16
1e+16
1e+16
1e+16
1e+16
1e+16
1e+16
1e+16
1e+16
1e+16
1e+16
1e+16
1e+16
1e+16
1e+16
1e+16
1e+16
1e+16
1e+16
1e+16
1e+16
1e+16
1e+16
1e+16
1e+16
1e+16
1e+16
1e+16
1e+16
1e+16
1e+16
1e+16
1e+16
1e+16
1e+16
1e+16
1e+16
1e+16
1e+16
1e+16
1e+16
1e+16
1e+16
1e+16
1e+16
1e+16
1e+16
1e+16
1e+16
1e+16
1e+16
1e+16
1e+16
1e+16
1e+16
1e+16
1e+16
1e+16
1e+16
1e+16
1e+16
1e+16
1e+16
1e+16
1e+16
1e+16
1e+16
1e+16
1e+16
1e+16
1e+16
1e+16
1e+16
1e+16
1e+16
1e+16
1e+16
1e+16
1e+16
1e+16
1e+16
1e+16
1e+16
1e+16
1e+16
1e+16
1e+16
1e+16
1e+16
1e+16
1e+16
1e+16
1e+16
1e+16
1e+16
1e+16
1e+16
1e+16
1e+16
1e+16
1e+16
1e+16
1e+16
1e+16
1e+16
1e+16
1e+16
1e+16
1e+16
1e+16
1e+16
1e+16
1e+16
1e+16
1e+16
1e+16
1e+16
1e+16
1e+16
1e+16
1e+16
1e+16
1e+16
1e+16
1e+16
1e+16
1e+16
1e+16
1e+16
1e+16
1e+16
1e+16
1e+16
1e+16
1e+16
1e+16
1e+16
1e+16
1e+16
1e+16
1e+16
1e+16
1e+16
1e+16
1e+16
1e+16
1e+16
1e+16
1e+16
1e+16
1e+16
1e+16
1e+16
1e+16
1e+16
1e+16
1e+16
1e+16
1e+16
1e+16
1e+16
1e+16
1e+16
1e+16
1e+16
1e+16
1e+16
1e+16
1e+16
1e+16
1e+16
1e+16
1e+16
1e+16
1e+16
1e+16
1e+16
1e+16
1e+16
1e+16
1e+16
1e+16
1e+16
1e+16
1e+16
1e+16
1e+16
1e+16
1e+16
1e+16
1e+16
1e+16
1e+16
1e+16
1e+16
1e+16
1e+16
1e+16
1e+16
1e+16
1e+16
1e+16
1e+16
1e+16
1e+16
1e+16
1e+16
1e+16
1e+16
1e+16
1e+16
1e+16
1e+16
1e+16
1e+16
1e+16
1e+16
1e+16
1e+16
1e+16
1e+16
1e+16
1e+16
1e+16
1e+16
1e+16
1e+16
1e+16
1e+16
1e+16
1e+16
1e+16
1e+16
1e+16
1e+16
1e+16
1e+16
1e+16
1e+16
1e+16
1e+16
1e+16
1e+16
1e+16
1e+16
1e+16
1e+16
1e+16
1e+16
1e+16
1e+16
1e+16
1e+16
1e+16
1e+16
1e+16
1e+16
1e+16
1e+16
1e+16
1e+16
1e+16
1e+16
1e+16
1e+16
1e+16
1e+16
1e+16
1e+16
1e+16
1e+16
1e+16
1e+16
1e+16
1e+16
1e+16
1e+16
1e+16
1e+16
1e+16
1e+16
1e+16
1e+16
1e+16
1e+16
1e+16
1e+16
1e+16
1e+16
1e+16
1e+16
1e+16
1e+16
1e+16
1e+16
1e+16
1e+16
1e+16
1e+16
1e+16
1e+16
1e+16
1e+16
1e+16
1e+16
1e+16
1e+16
1e+16
1e+16
1e+16
1e+16
1e+16
1e+16
1e+16
1e+16
1e+16
1e+16
1e+16
1e+16
1e+16
1e+16
1e+16
1e+16
1e+16
1e+16
1e+16
1e+16
1e+16
1e+16
1e+16
1e+16
1e+16
1e+16
1e+16
1e+16
1e+16
1e+16
1e+16
1e+16
1e+16
1e+16
1e+16
1e+16
1e+16
1e+16
1e+16
1e+16
1e+16
1e+16
1e+16
1e+16
1e+16
1e+16
1e+16
1e+16
1e+16
1e+16
1e+16
1e+16
1e+16
1e+16
1e+16
1e+16
1e+16
1e+16
1e+16
1e+16
1e+16
1e+16
1e+16
1e+16
1e+16
1e+16
1e+16
1e+16
1e+16
1e+16
1e+16
1e+16
1e+16
1e+16
1e+16
1e+16
1e+16
1e+16
1e+16
1e+16
1e+16
1e+16
1e+16
1e+16
1e+16
1e+16
1e+16
1e+16
1e+16
1e+16
1e+16
1e+16
1e+16
1e+16
1e+16
1e+16
1e+16
1e+16
1e+16
1e+16
1e+16
1e+16
1e+16
1e+16
1e+16
1e+16
1e+16
1e+16
1e+16
1e+16
1e+16
1e+16
1e+16
1e+16
1e+16
1e+16
1e+16
1e+16
1e+16
1e+16
1e+16
1e+16
1e+16
1e+16
1e+16
1e+16
1e+16
1e+16
1e+16
1e+16
1e+16
1e+16
1e+16
1e+16
1e+16
1e+16
1e+16
1e+16
1e+16
1e+16
1e+16
1e+16
1e+16
1e+16
1e+16
1e+16
1e+16
1e+16
1e+16
1e+16
1e+16
1e+16
1e+16
1e+16
1e+16
1e+16
1e+16
1e+16
1e+16
1e+16
1e+16
1e+16
1e+16
1e+16
1e+16
1e+16
1e+16
1e+16
1e+16
1e+16
1e+16
1e+16
1e+16
1e+16
1e+16
1e+16
1e+16
1e+16
1e+16
1e+16
1e+16
1e+16
1e+16
1e+16
1e+16
1e+16
1e+16
1e+16
1e+16
1e+16
1e+16
1e+16
1e+16
1e+16
1e+16
1e+16
1e+16
1e+16
1e+16
1e+16
1e+16
1e+16
1e+16
1e+16
1e+16
1e+16
1e+16
1e+16
1e+16
1e+16
1e+16
1e+16
1e+16
1e+16
1e+16
1e+16
1e+16
1e+16
1e+16
1e+16
1e+16
1e+16
1e+16
)
;

boundaryField
{
    b2-symmetry1
    {
        type            symmetry;
    }
    b3-symmetry2
    {
        type            symmetry;
    }
    b4-inlet
    {
        type            zeroGradient;
    }
    b5-outlet
    {
        type            zeroGradient;
    }
    b6-humpWall
    {
        type            zeroGradient;
    }
    b7-topWall
    {
        type            zeroGradient;
    }
    procBoundary0to1
    {
        type            processor;
        value           nonuniform List<scalar> 
121
(
0.853746
0.906454
0.954272
0.996878
1.03001
1.05221
1.06443
1.0694
1.07137
1.07268
1.07403
1.07541
1.0765
1.07725
1.07798
1.07888
1.07984
1.08076
1.08167
1.08263
1.08366
1.08475
1.08609
1.08793
1.09032
1.092
0.588513
0.659044
0.729542
0.794938
0.794938
0.523173
0.523173
0.462918
0.462918
0.408861
0.408861
0.36179
0.36179
0.320522
0.320522
-0.00238846
-0.00710781
-0.0117188
-0.0161674
-0.0204706
-0.0247059
-0.0288285
-0.0328128
-0.0366901
-0.0404621
-0.044108
-0.0476088
-0.0509501
-0.0541225
-0.0571222
-0.0599495
-0.062573
0.283717
-0.0607031
-0.0607031
0.288224
-0.0588015
-0.0588015
0.292766
0.292766
-0.0564377
-0.0564377
-0.057841
-0.0590803
-0.0601568
-0.0610747
-0.0618372
-0.0624435
-0.0628956
-0.06319909999999999
-0.0633551
-0.0633644
-0.06322659999999999
-0.0629393
-0.0624968
-0.0618929
-0.0611208
-0.0601735
-0.0590518
-0.0577644
-0.0563173
-0.0547076
-0.052929
-0.0509799
-0.0488612
-0.0465621
-0.0440564
-0.0413117
-0.0382855
-0.0349031
-0.0311803
-0.0271902
-0.0229068
-0.0182353
-0.0130981
-0.00746961
-0.00134202
0.00527016
0.0123061
0.0197621
0.0277543
0.0362758
0.0453817
0.0553886
0.0665047
0.07905619999999999
0.0931838
0.108779
0.126509
0.14717
0.17089
0.197896
0.228091
0.260926
0.260926
)
;
    }
}


// ************************************************************************* //
